index	prediction
0	0
1	1
2	0
3	0
4	1
5	1
6	0
7	0
8	0
9	1
10	0
11	0
12	1
13	1
14	1
15	0
16	1
17	1
18	0
19	1
20	1
21	1
22	1
23	1
24	1
25	0
26	0
27	0
28	1
29	0
30	0
31	1
32	0
33	1
34	1
35	1
36	1
37	0
38	1
39	1
40	1
41	0
42	1
43	1
44	1
45	1
46	1
47	1
48	0
49	0
50	0
51	1
52	0
53	0
54	1
55	0
56	0
57	1
58	1
59	1
60	1
61	0
62	0
63	1
64	1
65	0
66	0
67	0
68	0
69	0
70	1
71	0
72	0
73	1
74	0
75	0
76	0
77	0
78	1
79	1
80	1
81	1
82	1
83	0
84	1
85	1
86	1
87	1
88	0
89	1
90	0
91	1
92	1
93	0
94	1
95	1
96	1
97	1
98	1
99	1
100	1
101	1
102	1
103	0
104	1
105	1
106	0
107	0
108	1
109	1
110	1
111	0
112	0
113	1
114	1
115	1
116	1
117	1
118	1
119	1
120	1
121	1
122	0
123	0
124	0
125	0
126	1
127	0
128	1
129	0
130	1
131	1
132	1
133	1
134	1
135	0
136	0
137	1
138	0
139	1
140	0
141	0
142	0
143	1
144	0
145	0
146	1
147	0
148	0
149	0
150	0
151	0
152	1
153	0
154	0
155	1
156	1
157	0
158	1
159	0
160	1
161	1
162	1
163	1
164	1
165	1
166	1
167	1
168	0
169	1
170	1
171	0
172	1
173	1
174	1
175	0
176	1
177	1
178	0
179	1
180	1
181	1
182	1
183	0
184	1
185	1
186	1
187	1
188	0
189	1
190	1
191	1
192	1
193	1
194	1
195	0
196	1
197	1
198	1
199	1
200	1
201	0
202	0
203	0
204	0
205	1
206	0
207	1
208	1
209	0
210	1
211	1
212	0
213	1
214	1
215	1
216	0
217	0
218	0
219	1
220	1
221	0
222	1
223	1
224	1
225	1
226	1
227	0
228	1
229	1
230	0
231	0
232	1
233	0
234	0
235	1
236	1
237	0
238	0
239	0
240	1
241	0
242	1
243	0
244	0
245	0
246	0
247	1
248	1
249	1
250	1
251	1
252	1
253	1
254	0
255	1
256	1
257	0
258	0
259	0
260	0
261	0
262	1
263	0
264	1
265	1
266	1
267	1
268	1
269	1
270	1
271	1
272	1
273	1
274	0
275	1
276	1
277	0
278	1
279	0
280	0
281	0
282	1
283	0
284	1
285	0
286	1
287	1
288	1
289	0
290	0
291	1
292	0
293	1
294	0
295	1
296	0
297	0
298	1
299	1
300	0
301	0
302	1
303	1
304	0
305	1
306	1
307	0
308	0
309	1
310	1
311	0
312	1
313	1
314	1
315	0
316	1
317	1
318	0
319	0
320	1
321	0
322	0
323	0
324	0
325	0
326	0
327	1
328	0
329	0
330	1
331	0
332	0
333	0
334	1
335	0
336	1
337	1
338	1
339	0
340	1
341	1
342	1
343	1
344	1
345	1
346	0
347	1
348	1
349	1
350	1
351	0
352	1
353	1
354	1
355	1
356	1
357	0
358	1
359	1
360	0
361	1
362	0
363	1
364	1
365	1
366	0
367	0
368	0
369	1
370	1
371	1
372	1
373	1
374	1
375	0
376	1
377	1
378	0
379	1
380	1
381	0
382	0
383	1
384	1
385	0
386	0
387	0
388	1
389	1
390	1
391	1
392	1
393	1
394	0
395	1
396	1
397	0
398	0
399	1
400	0
401	1
402	0
403	0
404	1
405	1
406	1
407	0
408	1
409	0
410	1
411	0
412	0
413	1
414	0
415	0
416	0
417	1
418	1
419	1
420	1
421	0
422	0
423	0
424	1
425	0
426	1
427	0
428	1
429	1
430	1
431	0
432	0
433	1
434	1
435	1
436	0
437	1
438	1
439	1
440	1
441	0
442	0
443	0
444	1
445	1
446	0
447	1
448	1
449	1
450	1
451	0
452	1
453	1
454	1
455	1
456	0
457	0
458	0
459	1
460	1
461	1
462	1
463	1
464	1
465	1
466	1
467	1
468	0
469	1
470	1
471	1
472	1
473	0
474	0
475	0
476	1
477	0
478	1
479	0
480	1
481	1
482	1
483	0
484	0
485	0
486	1
487	1
488	1
489	1
490	1
491	1
492	0
493	0
494	0
495	0
496	0
497	1
498	1
499	1
500	1
501	0
502	1
503	1
504	1
505	1
506	1
507	0
508	1
509	1
510	1
511	1
512	1
513	1
514	0
515	1
516	1
517	0
518	1
519	0
520	0
521	1
522	1
523	0
524	0
525	0
526	0
527	0
528	1
529	1
530	1
531	1
532	1
533	1
534	0
535	1
536	1
537	0
538	0
539	1
540	0
541	1
542	1
543	1
544	1
545	1
546	1
547	1
548	1
549	0
550	0
551	1
552	0
553	1
554	1
555	1
556	1
557	0
558	1
559	1
560	1
561	0
562	0
563	0
564	1
565	0
566	1
567	1
568	1
569	0
570	1
571	1
572	1
573	1
574	1
575	1
576	0
577	1
578	0
579	1
580	1
581	1
582	1
583	0
584	0
585	1
586	0
587	0
588	1
589	1
590	0
591	1
592	0
593	0
594	1
595	1
596	0
597	1
598	0
599	1
600	1
601	1
602	0
603	1
604	1
605	0
606	0
607	0
608	0
609	1
610	0
611	0
612	0
613	0
614	0
615	1
616	0
617	0
618	1
619	1
620	0
621	0
622	1
623	1
624	1
625	1
626	0
627	0
628	1
629	1
630	1
631	1
632	1
633	0
634	1
635	1
636	1
637	1
638	1
639	1
640	1
641	1
642	1
643	1
644	1
645	1
646	1
647	1
648	0
649	1
650	1
651	1
652	1
653	1
654	1
655	0
656	1
657	1
658	1
659	1
660	1
661	1
662	1
663	1
664	0
665	1
666	1
667	0
668	0
669	1
670	1
671	0
672	1
673	1
674	0
675	1
676	1
677	1
678	0
679	1
680	0
681	1
682	1
683	0
684	0
685	1
686	1
687	1
688	0
689	1
690	1
691	1
692	1
693	1
694	1
695	1
696	1
697	1
698	0
699	1
700	0
701	1
702	1
703	1
704	1
705	1
706	1
707	0
708	0
709	1
710	0
711	1
712	1
713	1
714	1
715	1
716	1
717	1
718	0
719	0
720	1
721	1
722	0
723	1
724	1
725	1
726	1
727	1
728	1
729	1
730	0
731	0
732	0
733	1
734	1
735	0
736	1
737	1
738	0
739	0
740	1
741	1
742	1
743	0
744	1
745	1
746	1
747	1
748	1
749	1
750	0
751	1
752	1
753	1
754	1
755	1
756	1
757	1
758	1
759	1
760	1
761	1
762	0
763	0
764	0
765	0
766	1
767	0
768	1
769	1
770	1
771	1
772	1
773	1
774	0
775	1
776	1
777	0
778	1
779	1
780	1
781	1
782	0
783	0
784	1
785	1
786	1
787	1
788	1
789	0
790	1
791	1
792	1
793	1
794	1
795	1
796	1
797	0
798	0
799	1
800	0
801	1
802	1
803	0
804	1
805	0
806	0
807	0
808	1
809	1
810	0
811	0
812	0
813	1
814	0
815	0
816	0
817	1
818	0
819	0
820	1
821	0
822	1
823	1
824	1
825	1
826	1
827	0
828	1
829	0
830	1
831	1
832	1
833	1
834	1
835	1
836	1
837	0
838	0
839	0
840	0
841	1
842	1
843	0
844	1
845	1
846	1
847	0
848	0
849	0
850	1
851	1
852	1
853	1
854	1
855	1
856	1
857	1
858	1
859	1
860	1
861	1
862	1
863	0
864	1
865	1
866	1
867	0
868	1
869	1
870	1
871	1
872	1
873	0
874	1
875	1
876	1
877	1
878	1
879	1
880	1
881	1
882	0
883	1
884	0
885	1
886	1
887	0
888	1
889	1
890	0
891	1
892	0
893	0
894	1
895	1
896	0
897	0
898	1
899	1
900	0
901	0
902	1
903	0
904	1
905	1
906	0
907	0
908	0
909	1
910	0
911	1
912	1
913	0
914	0
915	0
916	1
917	0
918	1
919	0
920	1
921	1
922	1
923	0
924	1
925	1
926	1
927	1
928	0
929	1
930	1
931	1
932	1
933	0
934	1
935	1
936	0
937	1
938	1
939	1
940	0
941	1
942	0
943	1
944	1
945	1
946	1
947	0
948	1
949	0
950	0
951	1
952	1
953	1
954	0
955	1
956	1
957	0
958	1
959	1
960	1
961	1
962	1
963	1
964	1
965	0
966	0
967	1
968	1
969	1
970	1
971	1
972	1
973	0
974	0
975	1
976	1
977	1
978	0
979	1
980	1
981	0
982	0
983	0
984	1
985	0
986	1
987	0
988	0
989	0
990	0
991	1
992	1
993	1
994	1
995	1
996	1
997	1
998	1
999	1
1000	1
1001	1
1002	0
1003	1
1004	1
1005	0
1006	0
1007	0
1008	0
1009	1
1010	1
1011	1
1012	0
1013	1
1014	1
1015	1
1016	0
1017	0
1018	1
1019	1
1020	1
1021	1
1022	1
1023	1
1024	1
1025	1
1026	1
1027	0
1028	1
1029	1
1030	1
1031	0
1032	0
1033	1
1034	1
1035	0
1036	1
1037	1
1038	1
1039	0
1040	1
1041	1
1042	1
1043	1
1044	1
1045	0
1046	1
1047	1
1048	0
1049	1
1050	0
1051	1
1052	1
1053	1
1054	0
1055	1
1056	0
1057	0
1058	1
1059	1
1060	1
1061	0
1062	0
1063	1
1064	1
1065	1
1066	1
1067	1
1068	1
1069	0
1070	0
1071	0
1072	1
1073	1
1074	1
1075	1
1076	1
1077	0
1078	1
1079	1
1080	0
1081	0
1082	1
1083	1
1084	0
1085	0
1086	0
1087	0
1088	1
1089	0
1090	0
1091	1
1092	0
1093	0
1094	0
1095	1
1096	1
1097	0
1098	0
1099	1
1100	1
1101	1
1102	1
1103	0
1104	1
1105	1
1106	0
1107	1
1108	1
1109	0
1110	1
1111	0
1112	1
1113	1
1114	1
1115	1
1116	0
1117	1
1118	1
1119	1
1120	0
1121	1
1122	0
1123	1
1124	1
1125	1
1126	0
1127	1
1128	1
1129	0
1130	1
1131	1
1132	1
1133	1
1134	1
1135	0
1136	1
1137	1
1138	1
1139	1
1140	1
1141	0
1142	0
1143	1
1144	0
1145	1
1146	1
1147	1
1148	1
1149	0
1150	1
1151	1
1152	1
1153	0
1154	1
1155	0
1156	1
1157	1
1158	1
1159	0
1160	0
1161	1
1162	1
1163	0
1164	1
1165	1
1166	1
1167	1
1168	0
1169	0
1170	0
1171	1
1172	1
1173	1
1174	0
1175	0
1176	0
1177	1
1178	0
1179	1
1180	1
1181	1
1182	0
1183	0
1184	1
1185	0
1186	1
1187	1
1188	1
1189	1
1190	0
1191	0
1192	1
1193	1
1194	1
1195	0
1196	1
1197	0
1198	1
1199	0
1200	1
1201	1
1202	1
1203	1
1204	1
1205	0
1206	1
1207	1
1208	1
1209	1
1210	0
1211	1
1212	0
1213	0
1214	0
1215	0
1216	0
1217	1
1218	1
1219	1
1220	1
1221	1
1222	1
1223	1
1224	0
1225	1
1226	0
1227	0
1228	1
1229	1
1230	1
1231	0
1232	0
1233	1
1234	0
1235	1
1236	0
1237	0
1238	0
1239	1
1240	0
1241	0
1242	0
1243	0
1244	1
1245	1
1246	1
1247	1
1248	0
1249	0
1250	1
1251	1
1252	1
1253	0
1254	0
1255	1
1256	1
1257	1
1258	1
1259	1
1260	0
1261	1
1262	1
1263	1
1264	1
1265	1
1266	0
1267	1
1268	1
1269	1
1270	1
1271	0
1272	1
1273	0
1274	0
1275	1
1276	1
1277	1
1278	1
1279	0
1280	1
1281	0
1282	1
1283	1
1284	1
1285	0
1286	0
1287	1
1288	1
1289	1
1290	1
1291	0
1292	1
1293	0
1294	1
1295	0
1296	1
1297	1
1298	0
1299	0
1300	1
1301	1
1302	1
1303	1
1304	1
1305	1
1306	0
1307	1
1308	0
1309	1
1310	1
1311	0
1312	1
1313	1
1314	0
1315	0
1316	1
1317	1
1318	1
1319	0
1320	1
1321	1
1322	1
1323	1
1324	1
1325	0
1326	1
1327	1
1328	1
1329	1
1330	1
1331	1
1332	1
1333	1
1334	1
1335	1
1336	0
1337	1
1338	1
1339	1
1340	0
1341	1
1342	1
1343	1
1344	0
1345	1
1346	1
1347	1
1348	1
1349	1
1350	0
1351	1
1352	1
1353	1
1354	1
1355	1
1356	1
1357	1
1358	1
1359	1
1360	1
1361	1
1362	1
1363	0
1364	1
1365	1
1366	1
1367	0
1368	1
1369	1
1370	1
1371	0
1372	0
1373	1
1374	1
1375	1
1376	1
1377	1
1378	0
1379	0
1380	1
1381	1
1382	1
1383	1
1384	1
1385	1
1386	1
1387	1
1388	1
1389	1
1390	1
1391	1
1392	0
1393	1
1394	1
1395	0
1396	1
1397	1
1398	1
1399	0
1400	1
1401	1
1402	0
1403	1
1404	1
1405	1
1406	0
1407	1
1408	1
1409	1
1410	1
1411	1
1412	1
1413	1
1414	1
1415	1
1416	1
1417	0
1418	0
1419	1
1420	1
1421	1
1422	1
1423	1
1424	1
1425	1
1426	1
1427	0
1428	0
1429	1
1430	1
1431	1
1432	1
1433	0
1434	1
1435	1
1436	1
1437	1
1438	0
1439	1
1440	1
1441	0
1442	0
1443	1
1444	0
1445	1
1446	1
1447	1
1448	1
1449	1
1450	0
1451	0
1452	0
1453	0
1454	1
1455	1
1456	1
1457	1
1458	0
1459	0
1460	1
1461	1
1462	0
1463	1
1464	1
1465	0
1466	0
1467	0
1468	0
1469	0
1470	1
1471	1
1472	1
1473	1
1474	0
1475	0
1476	1
1477	0
1478	1
1479	0
1480	1
1481	1
1482	1
1483	1
1484	0
1485	1
1486	0
1487	0
1488	1
1489	0
1490	0
1491	1
1492	0
1493	1
1494	0
1495	0
1496	1
1497	1
1498	1
1499	0
1500	1
1501	1
1502	1
1503	0
1504	1
1505	0
1506	0
1507	1
1508	1
1509	1
1510	1
1511	1
1512	0
1513	1
1514	1
1515	1
1516	1
1517	0
1518	1
1519	0
1520	1
1521	1
1522	1
1523	0
1524	1
1525	1
1526	1
1527	1
1528	1
1529	1
1530	0
1531	1
1532	1
1533	1
1534	1
1535	0
1536	1
1537	0
1538	1
1539	0
1540	0
1541	1
1542	1
1543	1
1544	0
1545	0
1546	0
1547	1
1548	1
1549	1
1550	0
1551	1
1552	1
1553	0
1554	1
1555	1
1556	0
1557	1
1558	1
1559	1
1560	1
1561	0
1562	1
1563	0
1564	0
1565	1
1566	0
1567	1
1568	1
1569	1
1570	1
1571	1
1572	1
1573	1
1574	1
1575	1
1576	1
1577	1
1578	1
1579	0
1580	1
1581	1
1582	0
1583	1
1584	0
1585	1
1586	0
1587	1
1588	1
1589	1
1590	1
1591	1
1592	1
1593	1
1594	1
1595	1
1596	1
1597	1
1598	1
1599	0
1600	1
1601	1
1602	0
1603	1
1604	0
1605	0
1606	1
1607	1
1608	0
1609	0
1610	0
1611	1
1612	1
1613	1
1614	1
1615	1
1616	1
1617	1
1618	0
1619	1
1620	0
1621	1
1622	1
1623	1
1624	0
1625	1
1626	1
1627	0
1628	1
1629	1
1630	1
1631	0
1632	0
1633	1
1634	1
1635	1
1636	0
1637	0
1638	0
1639	1
1640	1
1641	1
1642	1
1643	1
1644	1
1645	1
1646	0
1647	1
1648	1
1649	1
1650	0
1651	0
1652	1
1653	1
1654	0
1655	1
1656	1
1657	1
1658	1
1659	1
1660	0
1661	1
1662	1
1663	1
1664	0
1665	1
1666	1
1667	1
1668	1
1669	1
1670	1
1671	1
1672	1
1673	1
1674	1
1675	1
1676	1
1677	1
1678	1
1679	1
1680	0
1681	1
1682	0
1683	0
1684	1
1685	0
1686	0
1687	0
1688	0
1689	1
1690	1
1691	0
1692	1
1693	1
1694	1
1695	1
1696	1
1697	1
1698	1
1699	1
1700	1
1701	1
1702	1
1703	1
1704	1
1705	1
1706	1
1707	1
1708	0
1709	1
1710	1
1711	1
1712	1
1713	1
1714	1
1715	1
1716	1
1717	1
1718	1
1719	0
1720	1
1721	1
1722	1
1723	0
1724	1
1725	1
1726	1
1727	0
1728	0
1729	0
1730	0
1731	0
1732	1
1733	1
1734	1
1735	1
1736	1
1737	0
1738	0
1739	0
1740	0
1741	1
1742	0
1743	1
1744	1
1745	0
1746	0
1747	1
1748	1
1749	1
1750	0
1751	0
1752	1
1753	0
1754	0
1755	1
1756	1
1757	1
1758	1
1759	1
1760	1
1761	0
1762	0
1763	1
1764	1
1765	0
1766	1
1767	0
1768	1
1769	1
1770	1
1771	1
1772	1
1773	1
1774	1
1775	1
1776	0
1777	0
1778	0
1779	0
1780	1
1781	1
1782	1
1783	1
1784	1
1785	1
1786	0
1787	0
1788	1
1789	1
1790	0
1791	1
1792	1
1793	1
1794	1
1795	1
1796	1
1797	0
1798	0
1799	0
1800	0
1801	1
1802	1
1803	1
1804	1
1805	0
1806	0
1807	1
1808	1
1809	1
1810	1
1811	1
1812	1
1813	1
1814	1
1815	1
1816	1
1817	1
1818	1
1819	0
1820	1
1821	1
1822	1
1823	0
1824	1
1825	1
1826	1
1827	1
1828	1
1829	0
1830	1
1831	1
1832	1
1833	1
1834	1
1835	1
1836	1
1837	1
1838	1
1839	1
1840	1
1841	1
1842	1
1843	1
1844	1
1845	1
1846	0
1847	1
1848	1
1849	1
1850	0
1851	1
1852	0
1853	0
1854	1
1855	0
1856	0
1857	0
1858	0
1859	1
1860	1
1861	1
1862	0
1863	1
1864	1
1865	1
1866	1
1867	1
1868	0
1869	1
1870	0
1871	1
1872	1
1873	1
1874	1
1875	1
1876	1
1877	1
1878	0
1879	1
1880	1
1881	1
1882	1
1883	1
1884	1
1885	0
1886	0
1887	1
1888	1
1889	1
1890	0
1891	1
1892	1
1893	1
1894	1
1895	1
1896	1
1897	1
1898	1
1899	1
1900	1
1901	0
1902	1
1903	1
1904	1
1905	1
1906	1
1907	1
1908	1
1909	1
1910	1
1911	0
1912	0
1913	1
1914	1
1915	1
1916	0
1917	0
1918	1
1919	1
1920	1
1921	1
1922	1
1923	0
1924	0
1925	0
1926	0
1927	0
1928	0
1929	0
1930	0
1931	1
1932	1
1933	1
1934	1
1935	1
1936	1
1937	0
1938	0
1939	1
1940	1
1941	1
1942	0
1943	0
1944	0
1945	1
1946	1
1947	0
1948	1
1949	0
1950	1
1951	0
1952	0
1953	0
1954	1
1955	1
1956	1
1957	1
1958	1
1959	1
1960	1
1961	0
1962	0
1963	0
1964	1
1965	1
1966	1
1967	1
1968	1
1969	0
1970	1
1971	0
1972	0
1973	0
1974	0
1975	1
1976	1
1977	1
1978	1
1979	1
1980	0
1981	0
1982	1
1983	1
1984	0
1985	1
1986	1
1987	1
1988	1
1989	1
1990	1
1991	1
1992	1
1993	1
1994	1
1995	0
1996	0
1997	1
1998	1
1999	1
2000	1
2001	1
2002	1
2003	1
2004	1
2005	1
2006	1
2007	1
2008	1
2009	1
2010	0
2011	0
2012	0
2013	1
2014	1
2015	1
2016	1
2017	1
2018	1
2019	0
2020	1
2021	1
2022	1
2023	1
2024	1
2025	1
2026	1
2027	1
2028	1
2029	1
2030	1
2031	1
2032	0
2033	1
2034	1
2035	0
2036	0
2037	1
2038	1
2039	1
2040	1
2041	1
2042	1
2043	1
2044	1
2045	1
2046	0
2047	1
2048	1
2049	1
2050	0
2051	1
2052	1
2053	0
2054	1
2055	1
2056	1
2057	1
2058	1
2059	1
2060	0
2061	0
2062	1
2063	1
2064	0
2065	1
2066	1
2067	1
2068	1
2069	1
2070	1
2071	1
2072	0
2073	0
2074	0
2075	0
2076	0
2077	1
2078	1
2079	1
2080	1
2081	1
2082	1
2083	0
2084	1
2085	1
2086	1
2087	1
2088	1
2089	1
2090	0
2091	0
2092	0
2093	0
2094	0
2095	1
2096	0
2097	1
2098	1
2099	1
2100	1
2101	0
2102	1
2103	1
2104	0
2105	1
2106	1
2107	1
2108	1
2109	0
2110	0
2111	1
2112	1
2113	1
2114	1
2115	1
2116	1
2117	1
2118	0
2119	1
2120	1
2121	1
2122	0
2123	0
2124	0
2125	1
2126	0
2127	1
2128	1
2129	0
2130	1
2131	0
2132	1
2133	0
2134	1
2135	1
2136	1
2137	1
2138	1
2139	1
2140	1
2141	1
2142	1
2143	1
2144	1
2145	0
2146	1
2147	1
2148	1
2149	1
2150	1
2151	0
2152	0
2153	1
2154	1
2155	1
2156	1
2157	0
2158	1
2159	0
2160	1
2161	1
2162	0
2163	1
2164	1
2165	1
2166	0
2167	1
2168	1
2169	0
2170	1
2171	1
2172	0
2173	1
2174	0
2175	1
2176	1
2177	0
2178	1
2179	1
2180	0
2181	1
2182	0
2183	1
2184	0
2185	1
2186	1
2187	1
2188	0
2189	1
2190	0
2191	1
2192	0
2193	1
2194	1
2195	1
2196	1
2197	0
2198	1
2199	1
2200	0
2201	1
2202	1
2203	0
2204	1
2205	1
2206	1
2207	0
2208	1
2209	1
2210	1
2211	1
2212	0
2213	1
2214	1
2215	1
2216	0
2217	0
2218	0
2219	1
2220	0
2221	0
2222	1
2223	1
2224	0
2225	1
2226	0
2227	1
2228	1
2229	1
2230	0
2231	1
2232	1
2233	1
2234	0
2235	0
2236	0
2237	1
2238	1
2239	0
2240	1
2241	1
2242	1
2243	1
2244	1
2245	1
2246	1
2247	1
2248	1
2249	1
2250	1
2251	1
2252	1
2253	1
2254	1
2255	0
2256	1
2257	1
2258	1
2259	1
2260	0
2261	1
2262	1
2263	0
2264	1
2265	1
2266	1
2267	0
2268	1
2269	1
2270	1
2271	0
2272	1
2273	1
2274	1
2275	1
2276	1
2277	1
2278	1
2279	0
2280	0
2281	0
2282	1
2283	1
2284	1
2285	1
2286	1
2287	1
2288	1
2289	1
2290	0
2291	0
2292	1
2293	0
2294	0
2295	0
2296	0
2297	1
2298	1
2299	1
2300	1
2301	0
2302	0
2303	0
2304	0
2305	1
2306	1
2307	1
2308	1
2309	1
2310	1
2311	0
2312	1
2313	1
2314	0
2315	0
2316	1
2317	1
2318	1
2319	1
2320	1
2321	0
2322	1
2323	1
2324	1
2325	0
2326	1
2327	1
2328	1
2329	1
2330	1
2331	1
2332	1
2333	0
2334	1
2335	1
2336	0
2337	1
2338	1
2339	1
2340	1
2341	0
2342	1
2343	1
2344	1
2345	0
2346	1
2347	0
2348	1
2349	0
2350	1
2351	0
2352	1
2353	1
2354	0
2355	0
2356	1
2357	1
2358	1
2359	0
2360	1
2361	1
2362	0
2363	1
2364	1
2365	0
2366	1
2367	1
2368	1
2369	1
2370	1
2371	1
2372	0
2373	0
2374	1
2375	1
2376	1
2377	1
2378	1
2379	1
2380	1
2381	1
2382	1
2383	1
2384	0
2385	1
2386	1
2387	0
2388	0
2389	0
2390	1
2391	0
2392	1
2393	1
2394	1
2395	1
2396	1
2397	0
2398	1
2399	0
2400	1
2401	1
2402	1
2403	0
2404	1
2405	1
2406	1
2407	1
2408	0
2409	0
2410	1
2411	1
2412	0
2413	0
2414	1
2415	1
2416	0
2417	1
2418	1
2419	1
2420	0
2421	0
2422	0
2423	1
2424	1
2425	1
2426	1
2427	0
2428	1
2429	1
2430	0
2431	0
2432	1
2433	0
2434	1
2435	0
2436	1
2437	0
2438	1
2439	0
2440	1
2441	1
2442	0
2443	1
2444	1
2445	1
2446	1
2447	1
2448	0
2449	1
2450	1
2451	0
2452	1
2453	1
2454	1
2455	1
2456	1
2457	0
2458	0
2459	1
2460	1
2461	1
2462	1
2463	0
2464	0
2465	1
2466	1
2467	0
2468	1
2469	1
2470	0
2471	1
2472	0
2473	1
2474	1
2475	0
2476	1
2477	0
2478	1
2479	1
2480	0
2481	0
2482	1
2483	1
2484	1
2485	1
2486	1
2487	1
2488	1
2489	1
2490	1
2491	1
2492	1
2493	1
2494	1
2495	1
2496	1
2497	0
2498	1
2499	1
2500	1
2501	1
2502	1
2503	1
2504	1
2505	1
2506	1
2507	0
2508	1
2509	0
2510	1
2511	0
2512	1
2513	0
2514	0
2515	1
2516	1
2517	1
2518	1
2519	1
2520	1
2521	1
2522	1
2523	0
2524	0
2525	1
2526	0
2527	1
2528	1
2529	1
2530	0
2531	1
2532	1
2533	0
2534	1
2535	1
2536	1
2537	0
2538	0
2539	1
2540	0
2541	1
2542	1
2543	1
2544	1
2545	1
2546	0
2547	1
2548	1
2549	1
2550	1
2551	1
2552	1
2553	0
2554	1
2555	0
2556	1
2557	1
2558	1
2559	0
2560	1
2561	1
2562	0
2563	1
2564	0
2565	0
2566	1
2567	0
2568	0
2569	1
2570	1
2571	1
2572	0
2573	1
2574	1
2575	1
2576	1
2577	0
2578	1
2579	1
2580	1
2581	1
2582	1
2583	0
2584	1
2585	0
2586	1
2587	0
2588	0
2589	0
2590	0
2591	1
2592	0
2593	0
2594	0
2595	1
2596	0
2597	0
2598	1
2599	0
2600	1
2601	0
2602	1
2603	1
2604	0
2605	0
2606	0
2607	1
2608	1
2609	1
2610	1
2611	0
2612	1
2613	1
2614	1
2615	1
2616	1
2617	0
2618	0
2619	0
2620	1
2621	1
2622	1
2623	0
2624	1
2625	1
2626	1
2627	1
2628	0
2629	1
2630	1
2631	0
2632	1
2633	1
2634	0
2635	1
2636	0
2637	1
2638	0
2639	1
2640	1
2641	0
2642	1
2643	1
2644	1
2645	1
2646	1
2647	1
2648	0
2649	0
2650	0
2651	1
2652	0
2653	1
2654	0
2655	1
2656	0
2657	0
2658	1
2659	0
2660	1
2661	0
2662	1
2663	1
2664	1
2665	0
2666	0
2667	0
2668	0
2669	1
2670	1
2671	1
2672	1
2673	1
2674	1
2675	1
2676	1
2677	0
2678	0
2679	1
2680	1
2681	1
2682	1
2683	0
2684	1
2685	0
2686	0
2687	1
2688	1
2689	0
2690	0
2691	0
2692	0
2693	1
2694	1
2695	1
2696	1
2697	1
2698	1
2699	1
2700	1
2701	1
2702	1
2703	1
2704	1
2705	1
2706	0
2707	0
2708	0
2709	1
2710	0
2711	1
2712	0
2713	1
2714	0
2715	1
2716	0
2717	1
2718	1
2719	1
2720	1
2721	1
2722	1
2723	0
2724	0
2725	1
2726	0
2727	1
2728	1
2729	0
2730	0
2731	0
2732	0
2733	1
2734	1
2735	1
2736	1
2737	1
2738	1
2739	1
2740	0
2741	1
2742	1
2743	0
2744	0
2745	1
2746	0
2747	1
2748	0
2749	1
2750	1
2751	1
2752	0
2753	0
2754	0
2755	1
2756	0
2757	0
2758	0
2759	0
2760	0
2761	0
2762	0
2763	1
2764	0
2765	0
2766	0
2767	0
2768	0
2769	1
2770	0
2771	1
2772	1
2773	0
2774	0
2775	1
2776	1
2777	1
2778	0
2779	0
2780	0
2781	1
2782	1
2783	1
2784	0
2785	0
2786	0
2787	1
2788	1
2789	1
2790	0
2791	1
2792	1
2793	1
2794	1
2795	1
2796	0
2797	1
2798	1
2799	1
2800	1
2801	1
2802	1
2803	1
2804	0
2805	1
2806	1
2807	1
2808	1
2809	1
2810	1
2811	1
2812	1
2813	0
2814	0
2815	1
2816	1
2817	0
2818	1
2819	1
2820	0
2821	1
2822	1
2823	1
2824	1
2825	1
2826	1
2827	0
2828	0
2829	0
2830	1
2831	0
2832	0
2833	0
2834	1
2835	0
2836	1
2837	1
2838	0
2839	1
2840	1
2841	1
2842	0
2843	1
2844	0
2845	0
2846	0
2847	1
2848	0
2849	1
2850	0
2851	1
2852	1
2853	1
2854	0
2855	1
2856	1
2857	1
2858	1
2859	1
2860	1
2861	1
2862	1
2863	1
2864	1
2865	1
2866	1
2867	1
2868	1
2869	1
2870	1
2871	1
2872	1
2873	1
2874	1
2875	1
2876	1
2877	0
2878	1
2879	1
2880	1
2881	1
2882	0
2883	1
2884	1
2885	0
2886	0
2887	1
2888	1
2889	1
2890	1
2891	1
2892	1
2893	1
2894	1
2895	0
2896	1
2897	1
2898	0
2899	1
2900	1
2901	1
2902	0
2903	1
2904	0
2905	1
2906	1
2907	1
2908	1
2909	1
2910	1
2911	1
2912	1
2913	1
2914	1
2915	0
2916	1
2917	1
2918	1
2919	0
2920	1
2921	1
2922	1
2923	1
2924	1
2925	0
2926	0
2927	1
2928	1
2929	0
2930	1
2931	0
2932	1
2933	0
2934	1
2935	0
2936	0
2937	1
2938	0
2939	0
2940	0
2941	0
2942	1
2943	1
2944	1
2945	1
2946	1
2947	1
2948	0
2949	1
2950	0
2951	1
2952	0
2953	1
2954	0
2955	0
2956	0
2957	1
2958	1
2959	0
2960	0
2961	1
2962	1
2963	1
2964	1
2965	1
2966	1
2967	1
2968	1
2969	0
2970	1
2971	1
2972	0
2973	0
2974	0
2975	1
2976	1
2977	1
2978	1
2979	0
2980	1
2981	1
2982	1
2983	1
2984	1
2985	1
2986	1
2987	1
2988	0
2989	1
2990	1
2991	0
2992	1
2993	0
2994	0
2995	0
2996	0
2997	1
2998	1
2999	1
3000	0
3001	1
3002	1
3003	1
3004	1
3005	1
3006	0
3007	1
3008	1
3009	1
3010	0
3011	1
3012	1
3013	1
3014	1
3015	1
3016	1
3017	1
3018	1
3019	0
3020	1
3021	1
3022	0
3023	1
3024	0
3025	1
3026	0
3027	1
3028	1
3029	1
3030	0
3031	1
3032	0
3033	1
3034	1
3035	0
3036	1
3037	1
3038	1
3039	1
3040	1
3041	1
3042	0
3043	1
3044	0
3045	1
3046	1
3047	1
3048	1
3049	1
3050	0
3051	1
3052	1
3053	1
3054	1
3055	1
3056	0
3057	1
3058	1
3059	1
3060	0
3061	0
3062	0
3063	1
3064	1
3065	1
3066	0
3067	1
3068	1
3069	1
3070	1
3071	1
3072	1
3073	1
3074	0
3075	0
3076	1
3077	1
3078	1
3079	1
3080	1
3081	1
3082	1
3083	0
3084	1
3085	1
3086	0
3087	1
3088	1
3089	1
3090	0
3091	1
3092	1
3093	1
3094	1
3095	1
3096	1
3097	0
3098	1
3099	1
3100	1
3101	1
3102	0
3103	1
3104	0
3105	1
3106	1
3107	1
3108	0
3109	1
3110	0
3111	1
3112	0
3113	1
3114	0
3115	1
3116	1
3117	0
3118	1
3119	1
3120	1
3121	1
3122	1
3123	0
3124	1
3125	0
3126	1
3127	0
3128	1
3129	0
3130	1
3131	1
3132	1
3133	1
3134	0
3135	1
3136	1
3137	1
3138	1
3139	0
3140	1
3141	1
3142	0
3143	1
3144	1
3145	1
3146	1
3147	1
3148	1
3149	1
3150	0
3151	0
3152	1
3153	1
3154	0
3155	1
3156	1
3157	0
3158	1
3159	1
3160	1
3161	1
3162	0
3163	1
3164	0
3165	1
3166	1
3167	1
3168	0
3169	1
3170	1
3171	1
3172	0
3173	1
3174	1
3175	1
3176	1
3177	1
3178	1
3179	1
3180	0
3181	0
3182	1
3183	1
3184	0
3185	1
3186	1
3187	1
3188	1
3189	1
3190	1
3191	1
3192	1
3193	1
3194	1
3195	1
3196	1
3197	1
3198	1
3199	1
3200	1
3201	0
3202	1
3203	0
3204	1
3205	1
3206	0
3207	1
3208	1
3209	1
3210	1
3211	0
3212	1
3213	1
3214	1
3215	1
3216	1
3217	1
3218	1
3219	1
3220	1
3221	0
3222	1
3223	0
3224	1
3225	1
3226	1
3227	1
3228	1
3229	1
3230	1
3231	1
3232	1
3233	1
3234	1
3235	1
3236	1
3237	1
3238	1
3239	1
3240	1
3241	1
3242	1
3243	1
3244	0
3245	1
3246	0
3247	0
3248	1
3249	1
3250	1
3251	1
3252	0
3253	1
3254	1
3255	0
3256	1
3257	0
3258	1
3259	1
3260	0
3261	1
3262	1
3263	1
3264	0
3265	0
3266	0
3267	1
3268	1
3269	0
3270	1
3271	1
3272	0
3273	1
3274	1
3275	1
3276	1
3277	1
3278	1
3279	1
3280	1
3281	0
3282	0
3283	1
3284	0
3285	1
3286	1
3287	1
3288	1
3289	0
3290	1
3291	0
3292	1
3293	1
3294	1
3295	1
3296	1
3297	0
3298	0
3299	1
3300	0
3301	1
3302	1
3303	1
3304	1
3305	1
3306	1
3307	0
3308	1
3309	1
3310	1
3311	1
3312	1
3313	0
3314	1
3315	1
3316	0
3317	1
3318	0
3319	1
3320	1
3321	0
3322	1
3323	1
3324	1
3325	1
3326	0
3327	1
3328	1
3329	1
3330	1
3331	0
3332	0
3333	1
3334	1
3335	0
3336	1
3337	1
3338	0
3339	1
3340	1
3341	1
3342	0
3343	1
3344	1
3345	1
3346	1
3347	0
3348	1
3349	1
3350	1
3351	1
3352	1
3353	1
3354	1
3355	1
3356	1
3357	1
3358	0
3359	1
3360	0
3361	1
3362	1
3363	1
3364	1
3365	0
3366	1
3367	1
3368	1
3369	1
3370	1
3371	1
3372	0
3373	1
3374	1
3375	0
3376	1
3377	1
3378	0
3379	1
3380	1
3381	1
3382	1
3383	1
3384	1
3385	1
3386	1
3387	0
3388	0
3389	1
3390	1
3391	0
3392	1
3393	1
3394	1
3395	0
3396	1
3397	0
3398	1
3399	1
3400	1
3401	1
3402	0
3403	1
3404	1
3405	1
3406	1
3407	1
3408	0
3409	1
3410	1
3411	1
3412	1
3413	1
3414	1
3415	0
3416	1
3417	1
3418	1
3419	1
3420	0
3421	0
3422	1
3423	1
3424	0
3425	1
3426	0
3427	1
3428	1
3429	1
3430	1
3431	0
3432	1
3433	1
3434	1
3435	0
3436	1
3437	1
3438	1
3439	1
3440	1
3441	1
3442	0
3443	1
3444	1
3445	1
3446	1
3447	1
3448	1
3449	1
3450	1
3451	1
3452	1
3453	1
3454	1
3455	1
3456	1
3457	1
3458	1
3459	1
3460	1
3461	1
3462	0
3463	1
3464	1
3465	1
3466	1
3467	1
3468	1
3469	0
3470	0
3471	1
3472	1
3473	1
3474	1
3475	1
3476	1
3477	0
3478	1
3479	0
3480	0
3481	1
3482	1
3483	1
3484	1
3485	1
3486	1
3487	0
3488	0
3489	1
3490	1
3491	1
3492	0
3493	0
3494	0
3495	1
3496	1
3497	1
3498	1
3499	1
3500	1
3501	0
3502	1
3503	0
3504	1
3505	1
3506	1
3507	1
3508	0
3509	1
3510	1
3511	1
3512	1
3513	1
3514	1
3515	1
3516	1
3517	1
3518	0
3519	1
3520	1
3521	1
3522	1
3523	1
3524	0
3525	1
3526	1
3527	1
3528	0
3529	1
3530	1
3531	1
3532	1
3533	0
3534	1
3535	1
3536	1
3537	1
3538	1
3539	1
3540	1
3541	0
3542	0
3543	1
3544	1
3545	1
3546	1
3547	0
3548	1
3549	1
3550	0
3551	1
3552	1
3553	1
3554	1
3555	0
3556	0
3557	0
3558	0
3559	1
3560	1
3561	1
3562	1
3563	1
3564	1
3565	1
3566	1
3567	0
3568	0
3569	0
3570	0
3571	1
3572	0
3573	1
3574	1
3575	1
3576	1
3577	1
3578	1
3579	0
3580	0
3581	1
3582	1
3583	0
3584	0
3585	1
3586	0
3587	0
3588	0
3589	1
3590	1
3591	0
3592	1
3593	1
3594	1
3595	1
3596	1
3597	1
3598	1
3599	1
3600	0
3601	0
3602	1
3603	1
3604	1
3605	1
3606	1
3607	1
3608	1
3609	0
3610	1
3611	0
3612	1
3613	1
3614	1
3615	1
3616	0
3617	0
3618	1
3619	1
3620	1
3621	1
3622	0
3623	0
3624	1
3625	1
3626	1
3627	0
3628	1
3629	1
3630	0
3631	1
3632	1
3633	0
3634	0
3635	1
3636	1
3637	0
3638	1
3639	0
3640	0
3641	1
3642	1
3643	1
3644	1
3645	1
3646	1
3647	0
3648	1
3649	1
3650	0
3651	1
3652	0
3653	1
3654	1
3655	1
3656	0
3657	1
3658	1
3659	1
3660	1
3661	1
3662	1
3663	1
3664	1
3665	1
3666	0
3667	1
3668	1
3669	1
3670	1
3671	1
3672	1
3673	0
3674	1
3675	1
3676	1
3677	1
3678	1
3679	1
3680	0
3681	0
3682	1
3683	0
3684	1
3685	0
3686	1
3687	1
3688	0
3689	1
3690	1
3691	1
3692	1
3693	1
3694	0
3695	1
3696	1
3697	0
3698	1
3699	1
3700	1
3701	1
3702	1
3703	1
3704	1
3705	0
3706	1
3707	0
3708	1
3709	1
3710	1
3711	1
3712	1
3713	0
3714	1
3715	0
3716	1
3717	0
3718	1
3719	1
3720	1
3721	1
3722	1
3723	1
3724	1
3725	1
3726	0
3727	1
3728	1
3729	1
3730	0
3731	0
3732	1
3733	1
3734	0
3735	0
3736	1
3737	1
3738	1
3739	1
3740	0
3741	1
3742	1
3743	1
3744	1
3745	1
3746	1
3747	0
3748	1
3749	1
3750	0
3751	0
3752	1
3753	1
3754	1
3755	1
3756	1
3757	1
3758	1
3759	1
3760	0
3761	1
3762	1
3763	0
3764	1
3765	1
3766	0
3767	0
3768	1
3769	0
3770	1
3771	1
3772	1
3773	1
3774	0
3775	1
3776	1
3777	0
3778	0
3779	1
3780	1
3781	1
3782	1
3783	0
3784	0
3785	1
3786	1
3787	1
3788	1
3789	1
3790	0
3791	0
3792	1
3793	0
3794	1
3795	0
3796	1
3797	1
3798	1
3799	1
3800	1
3801	1
3802	1
3803	0
3804	1
3805	1
3806	1
3807	1
3808	0
3809	0
3810	1
3811	1
3812	1
3813	1
3814	1
3815	1
3816	0
3817	0
3818	0
3819	1
3820	1
3821	0
3822	1
3823	0
3824	1
3825	1
3826	1
3827	0
3828	1
3829	1
3830	1
3831	1
3832	0
3833	0
3834	1
3835	1
3836	1
3837	1
3838	1
3839	1
3840	1
3841	1
3842	1
3843	1
3844	1
3845	0
3846	1
3847	1
3848	1
3849	1
3850	1
3851	0
3852	0
3853	1
3854	1
3855	1
3856	0
3857	1
3858	0
3859	0
3860	1
3861	1
3862	0
3863	1
3864	0
3865	1
3866	1
3867	0
3868	1
3869	1
3870	1
3871	1
3872	1
3873	1
3874	0
3875	1
3876	0
3877	1
3878	1
3879	1
3880	0
3881	1
3882	1
3883	0
3884	1
3885	1
3886	1
3887	1
3888	1
3889	1
3890	0
3891	1
3892	0
3893	0
3894	0
3895	1
3896	1
3897	1
3898	0
3899	0
3900	0
3901	0
3902	1
3903	1
3904	0
3905	0
3906	0
3907	1
3908	1
3909	0
3910	1
3911	1
3912	1
3913	1
3914	1
3915	1
3916	0
3917	0
3918	1
3919	1
3920	0
3921	1
3922	0
3923	1
3924	1
3925	1
3926	1
3927	0
3928	1
3929	0
3930	1
3931	1
3932	0
3933	1
3934	1
3935	1
3936	1
3937	1
3938	0
3939	1
3940	0
3941	1
3942	1
3943	0
3944	1
3945	1
3946	1
3947	1
3948	1
3949	1
3950	1
3951	1
3952	1
3953	1
3954	1
3955	1
3956	1
3957	1
3958	0
3959	0
3960	1
3961	1
3962	1
3963	1
3964	1
3965	1
3966	1
3967	0
3968	1
3969	1
3970	0
3971	1
3972	1
3973	1
3974	0
3975	0
3976	0
3977	1
3978	0
3979	1
3980	1
3981	1
3982	0
3983	1
3984	0
3985	1
3986	1
3987	1
3988	0
3989	1
3990	1
3991	1
3992	1
3993	1
3994	1
3995	1
3996	1
3997	1
3998	0
3999	1
4000	1
4001	1
4002	1
4003	1
4004	1
4005	1
4006	1
4007	1
4008	1
4009	1
4010	0
4011	1
4012	1
4013	0
4014	1
4015	0
4016	1
4017	1
4018	0
4019	1
4020	1
4021	1
4022	1
4023	1
4024	1
4025	0
4026	1
4027	0
4028	0
4029	0
4030	0
4031	1
4032	1
4033	1
4034	0
4035	0
4036	0
4037	1
4038	1
4039	1
4040	0
4041	0
4042	1
4043	1
4044	0
4045	0
4046	1
4047	1
4048	0
4049	1
4050	1
4051	1
4052	0
4053	1
4054	0
4055	1
4056	1
4057	1
4058	1
4059	0
4060	1
4061	0
4062	1
4063	1
4064	1
4065	1
4066	1
4067	1
4068	1
4069	1
4070	1
4071	1
4072	1
4073	1
4074	1
4075	0
4076	1
4077	0
4078	0
4079	1
4080	1
4081	1
4082	1
4083	1
4084	0
4085	0
4086	0
4087	1
4088	1
4089	1
4090	0
4091	0
4092	1
4093	1
4094	0
4095	0
4096	1
4097	1
4098	1
4099	1
4100	0
4101	0
4102	1
4103	0
4104	0
4105	0
4106	0
4107	1
4108	0
4109	0
4110	0
4111	1
4112	0
4113	1
4114	1
4115	1
4116	1
4117	1
4118	0
4119	1
4120	1
4121	1
4122	1
4123	1
4124	1
4125	1
4126	1
4127	0
4128	1
4129	1
4130	1
4131	1
4132	1
4133	1
4134	0
4135	1
4136	1
4137	1
4138	1
4139	1
4140	0
4141	0
4142	0
4143	1
4144	1
4145	1
4146	1
4147	1
4148	1
4149	0
4150	1
4151	1
4152	0
4153	1
4154	0
4155	1
4156	0
4157	1
4158	1
4159	0
4160	1
4161	1
4162	1
4163	1
4164	0
4165	1
4166	1
4167	1
4168	1
4169	1
4170	1
4171	1
4172	0
4173	1
4174	1
4175	0
4176	1
4177	1
4178	1
4179	0
4180	0
4181	1
4182	1
4183	1
4184	0
4185	1
4186	0
4187	1
4188	0
4189	1
4190	0
4191	1
4192	1
4193	1
4194	1
4195	0
4196	0
4197	0
4198	1
4199	1
4200	1
4201	1
4202	1
4203	1
4204	1
4205	1
4206	0
4207	1
4208	1
4209	1
4210	1
4211	1
4212	0
4213	1
4214	1
4215	0
4216	0
4217	1
4218	1
4219	0
4220	0
4221	1
4222	1
4223	0
4224	0
4225	0
4226	1
4227	0
4228	1
4229	0
4230	1
4231	1
4232	1
4233	0
4234	0
4235	0
4236	1
4237	0
4238	1
4239	0
4240	1
4241	1
4242	1
4243	0
4244	0
4245	1
4246	1
4247	0
4248	0
4249	1
4250	1
4251	1
4252	0
4253	1
4254	0
4255	1
4256	1
4257	0
4258	1
4259	1
4260	1
4261	0
4262	1
4263	1
4264	1
4265	0
4266	1
4267	1
4268	1
4269	1
4270	1
4271	0
4272	1
4273	0
4274	1
4275	1
4276	0
4277	0
4278	0
4279	0
4280	1
4281	1
4282	1
4283	0
4284	0
4285	1
4286	0
4287	1
4288	0
4289	1
4290	1
4291	1
4292	1
4293	1
4294	0
4295	0
4296	1
4297	0
4298	0
4299	0
4300	0
4301	1
4302	0
4303	1
4304	1
4305	0
4306	0
4307	0
4308	0
4309	0
4310	0
4311	0
4312	1
4313	0
4314	0
4315	1
4316	1
4317	0
4318	1
4319	0
4320	0
4321	1
4322	1
4323	1
4324	0
4325	1
4326	1
4327	0
4328	1
4329	1
4330	0
4331	0
4332	1
4333	1
4334	0
4335	1
4336	0
4337	0
4338	1
4339	0
4340	1
4341	1
4342	1
4343	1
4344	1
4345	1
4346	1
4347	0
4348	0
4349	0
4350	0
4351	1
4352	1
4353	1
4354	1
4355	1
4356	0
4357	1
4358	1
4359	0
4360	1
4361	1
4362	1
4363	0
4364	1
4365	1
4366	1
4367	1
4368	0
4369	0
4370	0
4371	1
4372	1
4373	1
4374	1
4375	0
4376	1
4377	1
4378	1
4379	1
4380	1
4381	1
4382	1
4383	1
4384	0
4385	0
4386	0
4387	0
4388	1
4389	1
4390	1
4391	1
4392	1
4393	0
4394	1
4395	1
4396	1
4397	0
4398	1
4399	0
4400	1
4401	1
4402	0
4403	0
4404	0
4405	0
4406	0
4407	0
4408	1
4409	0
4410	1
4411	1
4412	1
4413	1
4414	1
4415	0
4416	1
4417	1
4418	1
4419	1
4420	1
4421	1
4422	1
4423	1
4424	1
4425	1
4426	0
4427	0
4428	1
4429	1
4430	0
4431	1
4432	1
4433	1
4434	1
4435	0
4436	0
4437	1
4438	1
4439	1
4440	1
4441	1
4442	1
4443	0
4444	0
4445	0
4446	0
4447	1
4448	1
4449	1
4450	0
4451	0
4452	1
4453	0
4454	1
4455	1
4456	1
4457	1
4458	1
4459	0
4460	0
4461	0
4462	1
4463	1
4464	1
4465	1
4466	0
4467	1
4468	1
4469	1
4470	0
4471	0
4472	1
4473	0
4474	1
4475	1
4476	1
4477	1
4478	1
4479	0
4480	1
4481	1
4482	0
4483	1
4484	1
4485	1
4486	1
4487	0
4488	0
4489	0
4490	1
4491	1
4492	0
4493	1
4494	0
4495	1
4496	1
4497	1
4498	0
4499	0
4500	0
4501	0
4502	0
4503	0
4504	0
4505	1
4506	0
4507	0
4508	0
4509	1
4510	1
4511	1
4512	0
4513	1
4514	1
4515	0
4516	0
4517	1
4518	0
4519	1
4520	0
4521	1
4522	0
4523	0
4524	0
4525	1
4526	1
4527	1
4528	1
4529	0
4530	1
4531	1
4532	1
4533	1
4534	1
4535	0
4536	1
4537	1
4538	0
4539	1
4540	1
4541	1
4542	1
4543	1
4544	1
4545	1
4546	1
4547	1
4548	1
4549	0
4550	1
4551	1
4552	1
4553	1
4554	1
4555	0
4556	1
4557	1
4558	1
4559	1
4560	1
4561	1
4562	0
4563	1
4564	0
4565	1
4566	1
4567	1
4568	1
4569	1
4570	1
4571	1
4572	1
4573	1
4574	1
4575	1
4576	1
4577	1
4578	1
4579	0
4580	0
4581	0
4582	1
4583	1
4584	1
4585	1
4586	1
4587	0
4588	1
4589	1
4590	1
4591	1
4592	1
4593	0
4594	1
4595	1
4596	1
4597	1
4598	1
4599	1
4600	1
4601	0
4602	1
4603	1
4604	1
4605	0
4606	0
4607	1
4608	1
4609	1
4610	1
4611	1
4612	1
4613	1
4614	0
4615	1
4616	1
4617	1
4618	0
4619	1
4620	0
4621	1
4622	1
4623	1
4624	1
4625	1
4626	1
4627	1
4628	1
4629	1
4630	1
4631	1
4632	1
4633	1
4634	1
4635	1
4636	1
4637	0
4638	1
4639	1
4640	1
4641	1
4642	1
4643	1
4644	1
4645	0
4646	1
4647	0
4648	1
4649	0
4650	1
4651	1
4652	1
4653	1
4654	1
4655	1
4656	1
4657	1
4658	1
4659	0
4660	1
4661	0
4662	1
4663	1
4664	1
4665	1
4666	1
4667	1
4668	1
4669	0
4670	1
4671	1
4672	0
4673	1
4674	1
4675	0
4676	1
4677	0
4678	0
4679	0
4680	0
4681	0
4682	0
4683	1
4684	0
4685	1
4686	0
4687	0
4688	1
4689	1
4690	1
4691	1
4692	1
4693	0
4694	1
4695	0
4696	1
4697	1
4698	1
4699	1
4700	0
4701	1
4702	1
4703	1
4704	0
4705	1
4706	1
4707	1
4708	1
4709	1
4710	1
4711	1
4712	1
4713	1
4714	1
4715	0
4716	1
4717	1
4718	1
4719	0
4720	1
4721	1
4722	1
4723	1
4724	1
4725	1
4726	0
4727	1
4728	0
4729	0
4730	0
4731	1
4732	1
4733	1
4734	1
4735	0
4736	1
4737	1
4738	0
4739	1
4740	1
4741	1
4742	0
4743	1
4744	1
4745	0
4746	0
4747	1
4748	0
4749	1
4750	1
4751	0
4752	0
4753	1
4754	1
4755	0
4756	0
4757	1
4758	0
4759	1
4760	1
4761	1
4762	0
4763	1
4764	1
4765	1
4766	0
4767	1
4768	0
4769	1
4770	1
4771	1
4772	1
4773	1
4774	0
4775	1
4776	0
4777	1
4778	1
4779	1
4780	1
4781	1
4782	0
4783	0
4784	1
4785	1
4786	0
4787	1
4788	0
4789	1
4790	0
4791	0
4792	0
4793	1
4794	1
4795	1
4796	0
4797	1
4798	1
4799	1
4800	0
4801	1
4802	0
4803	1
4804	1
4805	1
4806	0
4807	1
4808	1
4809	1
4810	0
4811	0
4812	0
4813	0
4814	1
4815	1
4816	1
4817	0
4818	1
4819	0
4820	1
4821	1
4822	0
4823	1
4824	0
4825	0
4826	0
4827	0
4828	1
4829	1
4830	0
4831	1
4832	0
4833	1
4834	1
4835	1
4836	1
4837	1
4838	1
4839	1
4840	1
4841	1
4842	0
4843	1
4844	1
4845	1
4846	1
4847	0
4848	0
4849	1
4850	1
4851	1
4852	1
4853	0
4854	0
4855	1
4856	0
4857	1
4858	0
4859	1
4860	1
4861	0
4862	1
4863	0
4864	0
4865	1
4866	1
4867	0
4868	1
4869	0
4870	1
4871	1
4872	0
4873	0
4874	1
4875	1
4876	1
4877	1
4878	0
4879	0
4880	0
4881	1
4882	0
4883	1
4884	1
4885	1
4886	0
4887	1
4888	1
4889	0
4890	0
4891	1
4892	0
4893	1
4894	1
4895	1
4896	1
4897	1
4898	0
4899	1
4900	0
4901	0
4902	1
4903	1
4904	1
4905	0
4906	0
4907	0
4908	1
4909	0
4910	0
4911	1
4912	0
4913	1
4914	1
4915	1
4916	0
4917	1
4918	0
4919	0
4920	0
4921	1
4922	1
4923	1
4924	1
4925	1
4926	1
4927	1
4928	0
4929	0
4930	0
4931	1
4932	0
4933	0
4934	0
4935	0
4936	0
4937	1
4938	1
4939	1
4940	1
4941	1
4942	0
4943	1
4944	1
4945	1
4946	1
4947	1
4948	1
4949	1
4950	0
4951	1
4952	1
4953	0
4954	1
4955	1
4956	0
4957	1
4958	1
4959	1
4960	0
4961	1
4962	1
4963	0
4964	1
4965	1
4966	0
4967	1
4968	0
4969	0
4970	1
4971	0
4972	1
4973	1
4974	1
4975	1
4976	1
4977	1
4978	1
4979	1
4980	1
4981	1
4982	0
4983	1
4984	1
4985	1
4986	1
4987	0
4988	0
4989	0
4990	1
4991	0
4992	1
4993	0
4994	0
4995	1
4996	0
4997	1
4998	1
4999	1
5000	1
5001	1
5002	1
5003	1
5004	0
5005	0
5006	1
5007	1
5008	1
5009	1
5010	1
5011	1
5012	0
5013	1
5014	0
5015	0
5016	1
5017	0
5018	0
5019	1
5020	1
5021	0
5022	1
5023	1
5024	0
5025	0
5026	1
5027	1
5028	1
5029	0
5030	1
5031	0
5032	1
5033	1
5034	1
5035	1
5036	1
5037	1
5038	1
5039	1
5040	1
5041	1
5042	0
5043	0
5044	0
5045	1
5046	0
5047	1
5048	0
5049	1
5050	1
5051	0
5052	0
5053	0
5054	0
5055	0
5056	1
5057	1
5058	1
5059	1
5060	0
5061	0
5062	1
5063	1
5064	1
5065	1
5066	1
5067	1
5068	1
5069	0
5070	1
5071	0
5072	0
5073	0
5074	1
5075	1
5076	0
5077	1
5078	1
5079	0
5080	0
5081	0
5082	0
5083	1
5084	0
5085	0
5086	0
5087	1
5088	1
5089	0
5090	1
5091	1
5092	1
5093	1
5094	1
5095	1
5096	1
5097	1
5098	1
5099	0
5100	1
5101	1
5102	0
5103	1
5104	1
5105	0
5106	1
5107	0
5108	0
5109	0
5110	0
5111	0
5112	1
5113	0
5114	0
5115	1
5116	1
5117	1
5118	1
5119	0
5120	0
5121	1
5122	0
5123	1
5124	0
5125	0
5126	1
5127	1
5128	1
5129	1
5130	0
5131	1
5132	1
5133	1
5134	1
5135	0
5136	1
5137	0
5138	0
5139	1
5140	1
5141	1
5142	1
5143	1
5144	1
5145	1
5146	1
5147	1
5148	1
5149	1
5150	1
5151	1
5152	0
5153	1
5154	1
5155	0
5156	1
5157	1
5158	1
5159	0
5160	0
5161	1
5162	1
5163	0
5164	0
5165	0
5166	0
5167	1
5168	1
5169	0
5170	1
5171	0
5172	1
5173	1
5174	0
5175	1
5176	0
5177	0
5178	0
5179	0
5180	0
5181	0
5182	1
5183	0
5184	1
5185	0
5186	1
5187	0
5188	0
5189	0
5190	1
5191	1
5192	1
5193	1
5194	1
5195	1
5196	1
5197	1
5198	0
5199	1
5200	1
5201	0
5202	0
5203	1
5204	1
5205	1
5206	1
5207	1
5208	1
5209	1
5210	1
5211	1
5212	1
5213	1
5214	1
5215	1
5216	1
5217	1
5218	1
5219	1
5220	1
5221	1
5222	1
5223	0
5224	1
5225	0
5226	1
5227	1
5228	1
5229	1
5230	1
5231	0
5232	1
5233	1
5234	1
5235	0
5236	1
5237	0
5238	0
5239	0
5240	1
5241	0
5242	0
5243	0
5244	0
5245	1
5246	1
5247	0
5248	1
5249	1
5250	1
5251	1
5252	1
5253	0
5254	0
5255	0
5256	0
5257	0
5258	1
5259	0
5260	1
5261	1
5262	1
5263	0
5264	0
5265	1
5266	1
5267	1
5268	1
5269	1
5270	1
5271	1
5272	0
5273	1
5274	1
5275	1
5276	0
5277	0
5278	1
5279	1
5280	1
5281	1
5282	1
5283	1
5284	0
5285	0
5286	1
5287	1
5288	1
5289	1
5290	0
5291	0
5292	1
5293	1
5294	1
5295	0
5296	0
5297	1
5298	1
5299	1
5300	0
5301	1
5302	0
5303	0
5304	1
5305	0
5306	0
5307	0
5308	0
5309	0
5310	0
5311	1
5312	0
5313	0
5314	0
5315	0
5316	0
5317	0
5318	0
5319	1
5320	0
5321	0
5322	1
5323	0
5324	0
5325	1
5326	0
5327	0
5328	1
5329	1
5330	1
5331	0
5332	0
5333	1
5334	1
5335	1
5336	1
5337	1
5338	1
5339	0
5340	0
5341	0
5342	0
5343	0
5344	0
5345	0
5346	0
5347	0
5348	1
5349	1
5350	0
5351	1
5352	0
5353	0
5354	1
5355	1
5356	1
5357	1
5358	1
5359	1
5360	1
5361	1
5362	1
5363	0
5364	0
5365	1
5366	1
5367	1
5368	1
5369	1
5370	1
5371	1
5372	0
5373	1
5374	1
5375	1
5376	1
5377	1
5378	0
5379	1
5380	1
5381	1
5382	0
5383	1
5384	1
5385	1
5386	1
5387	1
5388	0
5389	1
5390	1
5391	1
5392	1
5393	1
5394	1
5395	0
5396	1
5397	1
5398	1
5399	0
5400	0
5401	1
5402	1
5403	1
5404	1
5405	1
5406	1
5407	1
5408	0
5409	0
5410	1
5411	0
5412	0
5413	1
5414	1
5415	0
5416	0
5417	0
5418	1
5419	1
5420	0
5421	1
5422	1
5423	1
5424	1
5425	0
5426	1
5427	1
5428	1
5429	1
5430	1
5431	0
5432	1
5433	1
5434	1
5435	1
5436	1
5437	1
5438	1
5439	1
5440	1
5441	1
5442	0
5443	0
5444	0
5445	1
5446	0
5447	1
5448	1
5449	1
5450	1
5451	1
5452	0
5453	0
5454	1
5455	1
5456	1
5457	1
5458	0
5459	1
5460	1
5461	0
5462	1
5463	0
5464	1
5465	1
5466	1
5467	0
5468	1
5469	0
5470	0
5471	0
5472	1
5473	1
5474	0
5475	1
5476	1
5477	0
5478	0
5479	1
5480	1
5481	1
5482	1
5483	0
5484	1
5485	0
5486	1
5487	0
5488	0
5489	0
5490	1
5491	1
5492	1
5493	1
5494	0
5495	1
5496	1
5497	1
5498	1
5499	1
5500	1
5501	0
5502	1
5503	0
5504	1
5505	0
5506	0
5507	0
5508	0
5509	1
5510	1
5511	1
5512	0
5513	1
5514	0
5515	0
5516	1
5517	1
5518	1
5519	1
5520	1
5521	0
5522	0
5523	1
5524	0
5525	1
5526	1
5527	1
5528	0
5529	1
5530	1
5531	1
5532	1
5533	1
5534	1
5535	0
5536	0
5537	1
5538	1
5539	1
5540	0
5541	1
5542	0
5543	0
5544	0
5545	1
5546	1
5547	1
5548	1
5549	0
5550	1
5551	1
5552	1
5553	1
5554	1
5555	1
5556	1
5557	1
5558	1
5559	1
5560	1
5561	1
5562	1
5563	1
5564	0
5565	1
5566	1
5567	1
5568	1
5569	1
5570	0
5571	0
5572	1
5573	1
5574	1
5575	1
5576	1
5577	1
5578	0
5579	0
5580	1
5581	1
5582	1
5583	1
5584	1
5585	0
5586	1
5587	1
5588	0
5589	1
5590	1
5591	1
5592	1
5593	0
5594	1
5595	1
5596	1
5597	1
5598	1
5599	1
5600	1
5601	0
5602	0
5603	0
5604	1
5605	1
5606	0
5607	0
5608	0
5609	0
5610	1
5611	1
5612	0
5613	1
5614	1
5615	1
5616	1
5617	0
5618	1
5619	1
5620	0
5621	0
5622	1
5623	1
5624	1
5625	1
5626	1
5627	1
5628	1
5629	1
5630	1
5631	1
5632	1
5633	1
5634	1
5635	1
5636	0
5637	1
5638	0
5639	1
5640	0
5641	1
5642	1
5643	1
5644	1
5645	1
5646	1
5647	1
5648	1
5649	0
5650	1
5651	1
5652	0
5653	1
5654	1
5655	1
5656	0
5657	1
5658	1
5659	1
5660	1
5661	1
5662	0
5663	0
5664	1
5665	0
5666	1
5667	1
5668	1
5669	1
5670	0
5671	1
5672	1
5673	1
5674	1
5675	0
5676	1
5677	1
5678	0
5679	0
5680	1
5681	1
5682	1
5683	0
5684	1
5685	1
5686	1
5687	0
5688	0
5689	0
5690	0
5691	0
5692	1
5693	1
5694	1
5695	1
5696	1
5697	1
5698	1
5699	1
5700	1
5701	0
5702	1
5703	0
5704	0
5705	1
5706	0
5707	1
5708	1
5709	1
5710	0
5711	0
5712	1
5713	1
5714	0
5715	0
5716	1
5717	1
5718	0
5719	1
5720	0
5721	1
5722	0
5723	1
5724	1
5725	1
5726	1
5727	0
5728	1
5729	0
5730	0
5731	1
5732	1
5733	0
5734	0
5735	1
5736	1
5737	1
5738	1
5739	1
5740	1
5741	1
5742	0
5743	1
5744	1
5745	1
5746	1
5747	1
5748	1
5749	1
5750	1
5751	1
5752	1
5753	1
5754	0
5755	1
5756	0
5757	0
5758	0
5759	0
5760	1
5761	1
5762	1
5763	1
5764	1
5765	1
5766	0
5767	0
5768	1
5769	1
5770	0
5771	1
5772	1
5773	0
5774	1
5775	1
5776	0
5777	0
5778	0
5779	1
5780	1
5781	0
5782	1
5783	1
5784	1
5785	0
5786	0
5787	0
5788	0
5789	0
5790	0
5791	0
5792	0
5793	1
5794	1
5795	0
5796	0
5797	1
5798	0
5799	1
5800	1
5801	0
5802	1
5803	0
5804	0
5805	0
5806	0
5807	0
5808	0
5809	1
5810	1
5811	1
5812	1
5813	0
5814	1
5815	1
5816	1
5817	0
5818	1
5819	1
5820	1
5821	1
5822	1
5823	0
5824	1
5825	0
5826	0
5827	1
5828	1
5829	1
5830	1
5831	1
5832	0
5833	1
5834	1
5835	1
5836	1
5837	0
5838	1
5839	1
5840	1
5841	0
5842	0
5843	1
5844	0
5845	1
5846	0
5847	1
5848	1
5849	1
5850	0
5851	1
5852	1
5853	0
5854	0
5855	1
5856	1
5857	1
5858	1
5859	0
5860	1
5861	0
5862	1
5863	1
5864	1
5865	1
5866	1
5867	1
5868	1
5869	1
5870	0
5871	0
5872	1
5873	0
5874	1
5875	1
5876	0
5877	1
5878	1
5879	1
5880	1
5881	1
5882	1
5883	1
5884	1
5885	1
5886	1
5887	1
5888	0
5889	1
5890	0
5891	1
5892	1
5893	1
5894	1
5895	0
5896	1
5897	0
5898	0
5899	1
5900	1
5901	1
5902	0
5903	1
5904	0
5905	1
5906	0
5907	1
5908	1
5909	1
5910	0
5911	1
5912	0
5913	1
5914	0
5915	1
5916	0
5917	1
5918	1
5919	1
5920	1
5921	0
5922	1
5923	1
5924	1
5925	1
5926	0
5927	1
5928	1
5929	1
5930	0
5931	0
5932	1
5933	1
5934	1
5935	1
5936	1
5937	1
5938	0
5939	1
5940	1
5941	1
5942	0
5943	0
5944	1
5945	1
5946	0
5947	1
5948	1
5949	1
5950	1
5951	1
5952	1
5953	0
5954	1
5955	0
5956	0
5957	1
5958	0
5959	1
5960	1
5961	0
5962	1
5963	1
5964	0
5965	0
5966	1
5967	0
5968	1
5969	0
5970	0
5971	1
5972	1
5973	1
5974	1
5975	1
5976	0
5977	1
5978	0
5979	0
5980	0
5981	0
5982	1
5983	1
5984	0
5985	0
5986	0
5987	1
5988	1
5989	0
5990	0
5991	1
5992	0
5993	0
5994	1
5995	0
5996	0
5997	1
5998	1
5999	0
6000	1
6001	0
6002	1
6003	1
6004	1
6005	0
6006	1
6007	1
6008	0
6009	0
6010	1
6011	0
6012	1
6013	1
6014	1
6015	1
6016	1
6017	1
6018	1
6019	1
6020	1
6021	1
6022	1
6023	0
6024	1
6025	1
6026	0
6027	0
6028	1
6029	1
6030	1
6031	1
6032	1
6033	1
6034	1
6035	0
6036	1
6037	1
6038	1
6039	1
6040	1
6041	1
6042	0
6043	0
6044	1
6045	0
6046	1
6047	0
6048	1
6049	0
6050	1
6051	0
6052	0
6053	0
6054	0
6055	1
6056	1
6057	0
6058	0
6059	0
6060	1
6061	1
6062	0
6063	1
6064	1
6065	1
6066	0
6067	1
6068	1
6069	0
6070	0
6071	0
6072	1
6073	0
6074	1
6075	1
6076	0
6077	1
6078	0
6079	0
6080	1
6081	1
6082	1
6083	1
6084	1
6085	1
6086	1
6087	0
6088	1
6089	1
6090	1
6091	1
6092	1
6093	0
6094	1
6095	1
6096	0
6097	1
6098	1
6099	1
6100	0
6101	1
6102	0
6103	1
6104	1
6105	1
6106	0
6107	1
6108	1
6109	0
6110	1
6111	0
6112	0
6113	1
6114	0
6115	1
6116	0
6117	0
6118	1
6119	1
6120	1
6121	1
6122	0
6123	1
6124	1
6125	0
6126	1
6127	0
6128	1
6129	1
6130	0
6131	1
6132	0
6133	0
6134	1
6135	1
6136	0
6137	1
6138	1
6139	1
6140	0
6141	0
6142	0
6143	1
6144	1
6145	0
6146	0
6147	0
6148	1
6149	1
6150	0
6151	1
6152	1
6153	0
6154	1
6155	1
6156	0
6157	0
6158	1
6159	1
6160	1
6161	1
6162	1
6163	1
6164	0
6165	1
6166	1
6167	0
6168	1
6169	0
6170	1
6171	1
6172	1
6173	1
6174	1
6175	0
6176	1
6177	0
6178	0
6179	1
6180	0
6181	0
6182	1
6183	0
6184	0
6185	1
6186	0
6187	0
6188	1
6189	1
6190	1
6191	0
6192	1
6193	1
6194	0
6195	1
6196	1
6197	1
6198	1
6199	0
6200	1
6201	1
6202	0
6203	1
6204	1
6205	1
6206	1
6207	0
6208	1
6209	1
6210	1
6211	1
6212	1
6213	0
6214	1
6215	0
6216	0
6217	1
6218	0
6219	0
6220	0
6221	1
6222	0
6223	1
6224	1
6225	1
6226	1
6227	1
6228	0
6229	0
6230	0
6231	0
6232	0
6233	1
6234	1
6235	0
6236	1
6237	1
6238	0
6239	0
6240	1
6241	1
6242	1
6243	1
6244	0
6245	0
6246	0
6247	0
6248	0
6249	0
6250	1
6251	0
6252	1
6253	1
6254	1
6255	1
6256	1
6257	1
6258	1
6259	0
6260	0
6261	0
6262	0
6263	1
6264	1
6265	0
6266	0
6267	1
6268	1
6269	1
6270	1
6271	0
6272	0
6273	1
6274	1
6275	0
6276	0
6277	1
6278	0
6279	0
6280	1
6281	1
6282	0
6283	1
6284	0
6285	1
6286	0
6287	0
6288	0
6289	1
6290	0
6291	1
6292	1
6293	0
6294	1
6295	1
6296	0
6297	0
6298	1
6299	0
6300	1
6301	1
6302	0
6303	1
6304	1
6305	1
6306	0
6307	1
6308	0
6309	1
6310	1
6311	1
6312	1
6313	1
6314	0
6315	0
6316	1
6317	1
6318	1
6319	1
6320	0
6321	1
6322	1
6323	1
6324	1
6325	1
6326	0
6327	0
6328	1
6329	0
6330	1
6331	0
6332	1
6333	1
6334	1
6335	0
6336	0
6337	1
6338	1
6339	0
6340	1
6341	1
6342	0
6343	1
6344	0
6345	0
6346	0
6347	1
6348	1
6349	1
6350	0
6351	1
6352	1
6353	1
6354	1
6355	1
6356	1
6357	1
6358	1
6359	1
6360	0
6361	1
6362	0
6363	0
6364	1
6365	1
6366	1
6367	1
6368	0
6369	0
6370	1
6371	1
6372	1
6373	0
6374	0
6375	1
6376	1
6377	1
6378	0
6379	0
6380	1
6381	0
6382	1
6383	1
6384	1
6385	1
6386	1
6387	1
6388	1
6389	1
6390	1
6391	0
6392	1
6393	1
6394	1
6395	1
6396	1
6397	1
6398	0
6399	0
6400	1
6401	1
6402	1
6403	1
6404	1
6405	0
6406	0
6407	1
6408	1
6409	1
6410	1
6411	1
6412	1
6413	1
6414	1
6415	0
6416	1
6417	1
6418	1
6419	1
6420	1
6421	1
6422	1
6423	0
6424	1
6425	0
6426	1
6427	1
6428	1
6429	0
6430	1
6431	0
6432	1
6433	1
6434	1
6435	1
6436	0
6437	0
6438	1
6439	0
6440	1
6441	0
6442	0
6443	1
6444	0
6445	1
6446	0
6447	1
6448	0
6449	1
6450	1
6451	0
6452	0
6453	0
6454	0
6455	1
6456	0
6457	1
6458	0
6459	1
6460	1
6461	0
6462	1
6463	1
6464	0
6465	1
6466	0
6467	1
6468	0
6469	0
6470	1
6471	0
6472	0
6473	1
6474	0
6475	0
6476	1
6477	0
6478	0
6479	1
6480	1
6481	0
6482	0
6483	0
6484	1
6485	1
6486	0
6487	1
6488	1
6489	1
6490	0
6491	0
6492	1
6493	1
6494	0
6495	0
6496	0
6497	1
6498	0
6499	1
6500	1
6501	0
6502	1
6503	1
6504	1
6505	1
6506	1
6507	1
6508	1
6509	0
6510	0
6511	1
6512	1
6513	1
6514	1
6515	0
6516	1
6517	0
6518	0
6519	0
6520	1
6521	0
6522	0
6523	0
6524	1
6525	1
6526	0
6527	0
6528	0
6529	0
6530	1
6531	0
6532	0
6533	0
6534	0
6535	1
6536	1
6537	1
6538	1
6539	0
6540	1
6541	1
6542	1
6543	1
6544	1
6545	1
6546	1
6547	1
6548	0
6549	1
6550	1
6551	0
6552	1
6553	1
6554	1
6555	1
6556	1
6557	1
6558	1
6559	1
6560	1
6561	1
6562	0
6563	0
6564	1
6565	1
6566	1
6567	1
6568	0
6569	1
6570	1
6571	0
6572	1
6573	0
6574	1
6575	1
6576	1
6577	0
6578	0
6579	1
6580	0
6581	0
6582	0
6583	0
6584	1
6585	0
6586	0
6587	0
6588	1
6589	0
6590	1
6591	1
6592	0
6593	1
6594	1
6595	1
6596	1
6597	1
6598	1
6599	1
6600	0
6601	1
6602	0
6603	1
6604	1
6605	1
6606	0
6607	0
6608	0
6609	1
6610	1
6611	0
6612	1
6613	0
6614	1
6615	0
6616	0
6617	0
6618	1
6619	0
6620	0
6621	0
6622	0
6623	1
6624	1
6625	1
6626	0
6627	1
6628	0
6629	1
6630	0
6631	1
6632	1
6633	0
6634	0
6635	0
6636	0
6637	1
6638	0
6639	0
6640	1
6641	0
6642	1
6643	1
6644	0
6645	1
6646	0
6647	1
6648	0
6649	0
6650	0
6651	1
6652	0
6653	1
6654	1
6655	1
6656	1
6657	1
6658	0
6659	0
6660	0
6661	1
6662	1
6663	0
6664	0
6665	0
6666	1
6667	0
6668	1
6669	0
6670	0
6671	0
6672	0
6673	1
6674	0
6675	1
6676	1
6677	1
6678	1
6679	1
6680	1
6681	1
6682	1
6683	1
6684	0
6685	1
6686	1
6687	1
6688	0
6689	1
6690	1
6691	1
6692	1
6693	1
6694	1
6695	1
6696	1
6697	0
6698	0
6699	1
6700	0
6701	1
6702	1
6703	1
6704	0
6705	0
6706	0
6707	1
6708	0
6709	0
6710	0
6711	0
6712	1
6713	1
6714	0
6715	0
6716	1
6717	1
6718	1
6719	1
6720	1
6721	0
6722	1
6723	0
6724	1
6725	0
6726	1
6727	0
6728	1
6729	0
6730	0
6731	0
6732	1
6733	0
6734	1
6735	1
6736	1
6737	1
6738	1
6739	0
6740	0
6741	1
6742	0
6743	0
6744	0
6745	0
6746	1
6747	1
6748	1
6749	1
6750	0
6751	0
6752	0
6753	1
6754	1
6755	1
6756	1
6757	1
6758	1
6759	0
6760	1
6761	0
6762	1
6763	0
6764	1
6765	1
6766	1
6767	1
6768	1
6769	1
6770	0
6771	0
6772	1
6773	1
6774	1
6775	1
6776	1
6777	0
6778	1
6779	1
6780	1
6781	1
6782	1
6783	1
6784	0
6785	1
6786	0
6787	1
6788	1
6789	1
6790	1
6791	1
6792	0
6793	1
6794	1
6795	1
6796	1
6797	1
6798	1
6799	1
6800	0
6801	1
6802	1
6803	1
6804	1
6805	1
6806	1
6807	1
6808	1
6809	1
6810	1
6811	1
6812	1
6813	1
6814	1
6815	1
6816	1
6817	1
6818	1
6819	1
6820	1
6821	1
6822	1
6823	0
6824	0
6825	1
6826	1
6827	1
6828	1
6829	1
6830	1
6831	1
6832	0
6833	1
6834	1
6835	1
6836	1
6837	1
6838	1
6839	1
6840	0
6841	1
6842	1
6843	1
6844	1
6845	1
6846	1
6847	1
6848	1
6849	0
6850	1
6851	0
6852	0
6853	1
6854	1
6855	1
6856	1
6857	1
6858	1
6859	0
6860	1
6861	1
6862	1
6863	0
6864	1
6865	1
6866	0
6867	1
6868	0
6869	1
6870	0
6871	0
6872	1
6873	0
6874	1
6875	1
6876	1
6877	1
6878	1
6879	1
6880	0
6881	1
6882	1
6883	1
6884	1
6885	1
6886	1
6887	0
6888	1
6889	0
6890	1
6891	1
6892	0
6893	1
6894	0
6895	0
6896	1
6897	1
6898	0
6899	1
6900	1
6901	0
6902	0
6903	0
6904	1
6905	1
6906	1
6907	1
6908	1
6909	1
6910	1
6911	0
6912	1
6913	1
6914	1
6915	1
6916	1
6917	1
6918	1
6919	1
6920	1
6921	0
6922	1
6923	1
6924	0
6925	1
6926	1
6927	1
6928	0
6929	1
6930	1
6931	0
6932	1
6933	1
6934	1
6935	1
6936	1
6937	1
6938	0
6939	1
6940	1
6941	1
6942	0
6943	0
6944	0
6945	0
6946	1
6947	1
6948	1
6949	1
6950	0
6951	1
6952	1
6953	1
6954	0
6955	1
6956	0
6957	0
6958	1
6959	1
6960	1
6961	0
6962	0
6963	1
6964	1
6965	1
6966	0
6967	0
6968	1
6969	1
6970	1
6971	1
6972	0
6973	1
6974	1
6975	1
6976	1
6977	0
6978	1
6979	1
6980	1
6981	1
6982	0
6983	1
6984	1
6985	0
6986	1
6987	0
6988	1
6989	0
6990	1
6991	0
6992	1
6993	1
6994	0
6995	0
6996	0
6997	0
6998	1
6999	1
7000	1
7001	0
7002	1
7003	0
7004	0
7005	1
7006	1
7007	0
7008	1
7009	1
7010	1
7011	1
7012	0
7013	0
7014	1
7015	1
7016	1
7017	1
7018	1
7019	1
7020	1
7021	1
7022	1
7023	1
7024	0
7025	1
7026	1
7027	1
7028	0
7029	1
7030	1
7031	1
7032	1
7033	1
7034	1
7035	0
7036	1
7037	1
7038	1
7039	0
7040	0
7041	1
7042	1
7043	0
7044	1
7045	1
7046	1
7047	1
7048	1
7049	1
7050	1
7051	1
7052	1
7053	1
7054	1
7055	1
7056	1
7057	0
7058	0
7059	1
7060	1
7061	1
7062	1
7063	1
7064	1
7065	1
7066	0
7067	1
7068	1
7069	0
7070	1
7071	1
7072	1
7073	1
7074	1
7075	1
7076	1
7077	1
7078	1
7079	0
7080	0
7081	0
7082	1
7083	1
7084	1
7085	1
7086	1
7087	1
7088	0
7089	1
7090	1
7091	1
7092	0
7093	1
7094	1
7095	1
7096	1
7097	1
7098	0
7099	1
7100	1
7101	0
7102	1
7103	0
7104	1
7105	1
7106	1
7107	1
7108	1
7109	1
7110	1
7111	0
7112	1
7113	0
7114	1
7115	1
7116	0
7117	0
7118	1
7119	0
7120	0
7121	1
7122	0
7123	1
7124	1
7125	1
7126	0
7127	1
7128	0
7129	0
7130	1
7131	0
7132	0
7133	1
7134	1
7135	0
7136	0
7137	1
7138	1
7139	0
7140	1
7141	0
7142	1
7143	1
7144	1
7145	0
7146	0
7147	1
7148	1
7149	0
7150	1
7151	0
7152	0
7153	0
7154	0
7155	1
7156	1
7157	1
7158	0
7159	1
7160	1
7161	1
7162	0
7163	0
7164	0
7165	0
7166	0
7167	1
7168	0
7169	1
7170	1
7171	1
7172	1
7173	0
7174	1
7175	0
7176	1
7177	1
7178	1
7179	1
7180	1
7181	1
7182	1
7183	1
7184	1
7185	1
7186	1
7187	1
7188	0
7189	0
7190	0
7191	1
7192	1
7193	1
7194	1
7195	0
7196	0
7197	1
7198	1
7199	1
7200	0
7201	1
7202	1
7203	1
7204	0
7205	0
7206	1
7207	1
7208	0
7209	0
7210	1
7211	0
7212	1
7213	1
7214	1
7215	1
7216	1
7217	1
7218	0
7219	1
7220	0
7221	0
7222	0
7223	0
7224	0
7225	0
7226	0
7227	0
7228	1
7229	1
7230	0
7231	1
7232	1
7233	1
7234	0
7235	1
7236	1
7237	0
7238	0
7239	0
7240	1
7241	1
7242	0
7243	1
7244	1
7245	0
7246	1
7247	1
7248	0
7249	1
7250	0
7251	1
7252	0
7253	1
7254	1
7255	0
7256	1
7257	1
7258	1
7259	1
7260	0
7261	1
7262	0
7263	1
7264	1
7265	0
7266	0
7267	0
7268	1
7269	1
7270	0
7271	0
7272	1
7273	0
7274	1
7275	1
7276	1
7277	1
7278	1
7279	0
7280	0
7281	0
7282	1
7283	0
7284	1
7285	1
7286	0
7287	0
7288	1
7289	1
7290	1
7291	1
7292	1
7293	1
7294	1
7295	1
7296	1
7297	0
7298	1
7299	1
7300	1
7301	1
7302	1
7303	0
7304	0
7305	0
7306	1
7307	0
7308	0
7309	0
7310	0
7311	0
7312	1
7313	1
7314	1
7315	0
7316	1
7317	0
7318	1
7319	1
7320	0
7321	1
7322	1
7323	1
7324	1
7325	1
7326	1
7327	1
7328	1
7329	1
7330	0
7331	1
7332	1
7333	1
7334	1
7335	1
7336	0
7337	1
7338	1
7339	0
7340	0
7341	1
7342	1
7343	1
7344	0
7345	0
7346	1
7347	1
7348	1
7349	0
7350	1
7351	1
7352	1
7353	1
7354	1
7355	1
7356	1
7357	0
7358	1
7359	1
7360	1
7361	0
7362	1
7363	1
7364	1
7365	1
7366	0
7367	1
7368	1
7369	0
7370	1
7371	0
7372	0
7373	1
7374	1
7375	1
7376	0
7377	0
7378	1
7379	1
7380	1
7381	1
7382	0
7383	1
7384	1
7385	1
7386	1
7387	1
7388	0
7389	1
7390	0
7391	1
7392	1
7393	1
7394	1
7395	1
7396	1
7397	1
7398	1
7399	1
7400	1
7401	0
7402	1
7403	1
7404	1
7405	1
7406	1
7407	0
7408	1
7409	0
7410	0
7411	1
7412	0
7413	1
7414	0
7415	0
7416	1
7417	0
7418	0
7419	1
7420	1
7421	0
7422	0
7423	1
7424	1
7425	1
7426	1
7427	1
7428	1
7429	1
7430	1
7431	1
7432	0
7433	1
7434	1
7435	0
7436	0
7437	0
7438	1
7439	1
7440	0
7441	0
7442	0
7443	1
7444	1
7445	1
7446	1
7447	1
7448	1
7449	1
7450	1
7451	1
7452	1
7453	1
7454	1
7455	1
7456	1
7457	0
7458	1
7459	0
7460	0
7461	1
7462	1
7463	0
7464	1
7465	1
7466	0
7467	1
7468	0
7469	0
7470	1
7471	1
7472	0
7473	1
7474	1
7475	1
7476	1
7477	0
7478	0
7479	1
7480	0
7481	0
7482	1
7483	1
7484	0
7485	1
7486	1
7487	1
7488	1
7489	1
7490	1
7491	0
7492	1
7493	1
7494	0
7495	1
7496	1
7497	1
7498	0
7499	1
7500	1
7501	0
7502	0
7503	1
7504	1
7505	1
7506	0
7507	1
7508	1
7509	0
7510	1
7511	1
7512	0
7513	0
7514	1
7515	1
7516	1
7517	1
7518	1
7519	1
7520	0
7521	0
7522	1
7523	1
7524	1
7525	1
7526	0
7527	0
7528	1
7529	0
7530	1
7531	1
7532	0
7533	1
7534	0
7535	1
7536	0
7537	0
7538	1
7539	0
7540	1
7541	1
7542	0
7543	0
7544	0
7545	0
7546	1
7547	0
7548	1
7549	1
7550	1
7551	1
7552	1
7553	1
7554	1
7555	0
7556	1
7557	1
7558	0
7559	1
7560	0
7561	0
7562	1
7563	1
7564	0
7565	0
7566	1
7567	1
7568	1
7569	1
7570	1
7571	1
7572	0
7573	1
7574	1
7575	1
7576	0
7577	1
7578	1
7579	0
7580	0
7581	1
7582	1
7583	1
7584	0
7585	0
7586	1
7587	0
7588	1
7589	0
7590	1
7591	1
7592	1
7593	0
7594	1
7595	1
7596	1
7597	1
7598	1
7599	0
7600	1
7601	0
7602	0
7603	0
7604	1
7605	1
7606	1
7607	0
7608	1
7609	0
7610	0
7611	1
7612	0
7613	0
7614	1
7615	0
7616	0
7617	0
7618	1
7619	1
7620	0
7621	0
7622	0
7623	0
7624	1
7625	0
7626	1
7627	1
7628	1
7629	1
7630	1
7631	1
7632	1
7633	1
7634	1
7635	0
7636	1
7637	1
7638	1
7639	1
7640	0
7641	1
7642	0
7643	1
7644	0
7645	0
7646	0
7647	1
7648	0
7649	1
7650	1
7651	1
7652	0
7653	0
7654	1
7655	1
7656	1
7657	1
7658	0
7659	1
7660	1
7661	1
7662	0
7663	0
7664	1
7665	1
7666	1
7667	1
7668	1
7669	1
7670	1
7671	0
7672	1
7673	1
7674	0
7675	1
7676	0
7677	1
7678	1
7679	0
7680	1
7681	1
7682	1
7683	1
7684	0
7685	1
7686	1
7687	1
7688	1
7689	1
7690	1
7691	0
7692	1
7693	1
7694	1
7695	1
7696	1
7697	1
7698	1
7699	1
7700	1
7701	1
7702	1
7703	1
7704	1
7705	1
7706	1
7707	0
7708	0
7709	1
7710	1
7711	1
7712	0
7713	1
7714	0
7715	1
7716	1
7717	1
7718	1
7719	1
7720	1
7721	1
7722	1
7723	1
7724	0
7725	1
7726	0
7727	1
7728	1
7729	0
7730	0
7731	0
7732	1
7733	0
7734	0
7735	0
7736	1
7737	0
7738	0
7739	1
7740	0
7741	1
7742	1
7743	1
7744	1
7745	1
7746	0
7747	0
7748	1
7749	1
7750	1
7751	0
7752	1
7753	1
7754	0
7755	0
7756	0
7757	1
7758	0
7759	1
7760	1
7761	1
7762	1
7763	0
7764	1
7765	1
7766	1
7767	0
7768	0
7769	0
7770	1
7771	1
7772	1
7773	1
7774	0
7775	0
7776	1
7777	1
7778	0
7779	1
7780	1
7781	1
7782	1
7783	1
7784	0
7785	1
7786	1
7787	1
7788	1
7789	1
7790	1
7791	1
7792	1
7793	0
7794	1
7795	1
7796	0
7797	1
7798	0
7799	1
7800	1
7801	1
7802	1
7803	1
7804	1
7805	0
7806	1
7807	1
7808	0
7809	0
7810	1
7811	1
7812	1
7813	1
7814	1
7815	1
7816	1
7817	1
7818	1
7819	1
7820	1
7821	1
7822	1
7823	1
7824	1
7825	0
7826	1
7827	0
7828	1
7829	0
7830	0
7831	0
7832	1
7833	0
7834	1
7835	1
7836	0
7837	1
7838	1
7839	1
7840	1
7841	0
7842	1
7843	1
7844	0
7845	1
7846	1
7847	1
7848	1
7849	1
7850	1
7851	1
7852	1
7853	1
7854	1
7855	1
7856	1
7857	1
7858	1
7859	1
7860	1
7861	1
7862	1
7863	1
7864	1
7865	1
7866	0
7867	0
7868	0
7869	1
7870	1
7871	0
7872	1
7873	1
7874	0
7875	1
7876	0
7877	1
7878	0
7879	1
7880	0
7881	1
7882	0
7883	1
7884	1
7885	1
7886	1
7887	1
7888	0
7889	0
7890	1
7891	0
7892	1
7893	1
7894	0
7895	0
7896	1
7897	1
7898	1
7899	1
7900	1
7901	1
7902	1
7903	0
7904	1
7905	0
7906	1
7907	1
7908	1
7909	0
7910	1
7911	1
7912	1
7913	0
7914	0
7915	0
7916	0
7917	1
7918	1
7919	1
7920	1
7921	1
7922	0
7923	1
7924	1
7925	1
7926	1
7927	1
7928	0
7929	1
7930	0
7931	1
7932	1
7933	1
7934	1
7935	1
7936	1
7937	1
7938	0
7939	1
7940	1
7941	0
7942	1
7943	1
7944	0
7945	1
7946	1
7947	1
7948	0
7949	1
7950	0
7951	1
7952	1
7953	1
7954	1
7955	1
7956	0
7957	0
7958	0
7959	1
7960	1
7961	1
7962	0
7963	0
7964	0
7965	0
7966	1
7967	0
7968	0
7969	0
7970	1
7971	1
7972	1
7973	0
7974	1
7975	1
7976	1
7977	1
7978	0
7979	0
7980	1
7981	0
7982	0
7983	0
7984	0
7985	1
7986	1
7987	1
7988	1
7989	1
7990	1
7991	0
7992	1
7993	1
7994	1
7995	1
7996	1
7997	0
7998	1
7999	0
8000	0
8001	1
8002	1
8003	0
8004	1
8005	0
8006	1
8007	1
8008	1
8009	0
8010	0
8011	1
8012	1
8013	1
8014	0
8015	1
8016	0
8017	1
8018	1
8019	1
8020	1
8021	1
8022	0
8023	1
8024	1
8025	1
8026	1
8027	1
8028	1
8029	1
8030	1
8031	1
8032	1
8033	1
8034	1
8035	1
8036	1
8037	1
8038	0
8039	1
8040	1
8041	1
8042	0
8043	1
8044	1
8045	1
8046	1
8047	1
8048	1
8049	1
8050	0
8051	1
8052	1
8053	0
8054	1
8055	1
8056	1
8057	0
8058	1
8059	1
8060	0
8061	0
8062	1
8063	1
8064	1
8065	1
8066	1
8067	1
8068	1
8069	1
8070	1
8071	0
8072	0
8073	1
8074	1
8075	1
8076	1
8077	1
8078	1
8079	1
8080	1
8081	1
8082	0
8083	1
8084	1
8085	1
8086	0
8087	1
8088	1
8089	0
8090	0
8091	1
8092	1
8093	1
8094	1
8095	1
8096	0
8097	0
8098	0
8099	0
8100	0
8101	1
8102	0
8103	0
8104	1
8105	0
8106	0
8107	0
8108	0
8109	0
8110	1
8111	1
8112	1
8113	1
8114	0
8115	1
8116	1
8117	1
8118	1
8119	1
8120	0
8121	0
8122	0
8123	1
8124	1
8125	1
8126	1
8127	0
8128	0
8129	1
8130	0
8131	1
8132	0
8133	1
8134	0
8135	0
8136	0
8137	0
8138	1
8139	1
8140	0
8141	1
8142	0
8143	1
8144	0
8145	0
8146	0
8147	1
8148	0
8149	1
8150	1
8151	1
8152	0
8153	1
8154	1
8155	1
8156	1
8157	1
8158	1
8159	1
8160	0
8161	0
8162	1
8163	1
8164	1
8165	0
8166	1
8167	1
8168	0
8169	1
8170	0
8171	0
8172	0
8173	1
8174	1
8175	1
8176	0
8177	1
8178	1
8179	1
8180	1
8181	1
8182	0
8183	1
8184	1
8185	1
8186	1
8187	1
8188	0
8189	0
8190	0
8191	1
8192	1
8193	1
8194	1
8195	1
8196	0
8197	1
8198	1
8199	1
8200	1
8201	1
8202	0
8203	1
8204	0
8205	1
8206	1
8207	1
8208	0
8209	0
8210	0
8211	1
8212	1
8213	0
8214	0
8215	0
8216	0
8217	1
8218	1
8219	1
8220	1
8221	0
8222	1
8223	0
8224	1
8225	1
8226	1
8227	1
8228	0
8229	1
8230	1
8231	1
8232	0
8233	0
8234	0
8235	0
8236	1
8237	0
8238	1
8239	1
8240	1
8241	1
8242	1
8243	1
8244	1
8245	1
8246	0
8247	1
8248	0
8249	1
8250	1
8251	0
8252	1
8253	1
8254	0
8255	1
8256	1
8257	1
8258	1
8259	0
8260	1
8261	0
8262	1
8263	1
8264	1
8265	1
8266	1
8267	0
8268	1
8269	0
8270	1
8271	1
8272	1
8273	1
8274	0
8275	0
8276	1
8277	1
8278	0
8279	0
8280	1
8281	0
8282	1
8283	1
8284	1
8285	1
8286	1
8287	1
8288	0
8289	0
8290	0
8291	0
8292	1
8293	1
8294	0
8295	1
8296	1
8297	1
8298	1
8299	1
8300	1
8301	0
8302	0
8303	1
8304	1
8305	0
8306	1
8307	1
8308	0
8309	1
8310	1
8311	0
8312	0
8313	0
8314	1
8315	0
8316	1
8317	1
8318	0
8319	1
8320	1
8321	1
8322	1
8323	1
8324	1
8325	0
8326	1
8327	1
8328	0
8329	0
8330	1
8331	1
8332	1
8333	0
8334	1
8335	1
8336	1
8337	0
8338	0
8339	1
8340	0
8341	1
8342	0
8343	1
8344	1
8345	0
8346	0
8347	0
8348	1
8349	1
8350	1
8351	0
8352	1
8353	0
8354	0
8355	1
8356	1
8357	1
8358	1
8359	0
8360	1
8361	0
8362	1
8363	1
8364	0
8365	1
8366	1
8367	1
8368	1
8369	0
8370	1
8371	0
8372	1
8373	1
8374	0
8375	1
8376	0
8377	0
8378	1
8379	1
8380	1
8381	1
8382	0
8383	1
8384	1
8385	0
8386	1
8387	1
8388	1
8389	0
8390	1
8391	0
8392	0
8393	1
8394	1
8395	0
8396	1
8397	1
8398	0
8399	1
8400	1
8401	1
8402	1
8403	1
8404	0
8405	1
8406	1
8407	1
8408	0
8409	1
8410	1
8411	0
8412	1
8413	0
8414	1
8415	1
8416	1
8417	1
8418	1
8419	1
8420	1
8421	0
8422	1
8423	0
8424	1
8425	1
8426	0
8427	1
8428	0
8429	1
8430	1
8431	0
8432	0
8433	1
8434	0
8435	1
8436	1
8437	1
8438	1
8439	0
8440	0
8441	0
8442	0
8443	0
8444	1
8445	1
8446	1
8447	1
8448	1
8449	0
8450	1
8451	1
8452	0
8453	1
8454	1
8455	0
8456	1
8457	0
8458	1
8459	1
8460	1
8461	1
8462	0
8463	0
8464	1
8465	1
8466	0
8467	1
8468	1
8469	0
8470	1
8471	1
8472	0
8473	1
8474	0
8475	1
8476	0
8477	1
8478	1
8479	1
8480	1
8481	0
8482	1
8483	1
8484	1
8485	0
8486	0
8487	0
8488	0
8489	1
8490	1
8491	1
8492	1
8493	0
8494	0
8495	1
8496	0
8497	0
8498	1
8499	1
8500	1
8501	1
8502	0
8503	1
8504	1
8505	1
8506	1
8507	1
8508	1
8509	0
8510	1
8511	1
8512	0
8513	1
8514	1
8515	1
8516	0
8517	1
8518	1
8519	0
8520	0
8521	1
8522	1
8523	1
8524	0
8525	1
8526	1
8527	1
8528	0
8529	1
8530	0
8531	1
8532	1
8533	1
8534	1
8535	1
8536	0
8537	0
8538	1
8539	0
8540	1
8541	1
8542	1
8543	1
8544	0
8545	0
8546	0
8547	0
8548	1
8549	1
8550	0
8551	1
8552	1
8553	0
8554	0
8555	0
8556	1
8557	1
8558	1
8559	0
8560	0
8561	1
8562	0
8563	1
8564	1
8565	1
8566	1
8567	1
8568	1
8569	0
8570	1
8571	1
8572	0
8573	1
8574	0
8575	1
8576	0
8577	1
8578	1
8579	1
8580	1
8581	0
8582	1
8583	0
8584	0
8585	1
8586	0
8587	1
8588	1
8589	1
8590	1
8591	1
8592	0
8593	1
8594	1
8595	1
8596	1
8597	1
8598	1
8599	0
8600	0
8601	0
8602	0
8603	0
8604	0
8605	0
8606	0
8607	0
8608	1
8609	1
8610	0
8611	1
8612	1
8613	1
8614	0
8615	0
8616	1
8617	1
8618	1
8619	1
8620	1
8621	0
8622	1
8623	1
8624	1
8625	0
8626	1
8627	1
8628	1
8629	1
8630	1
8631	0
8632	0
8633	1
8634	1
8635	0
8636	1
8637	0
8638	1
8639	1
8640	0
8641	1
8642	0
8643	0
8644	0
8645	0
8646	1
8647	0
8648	1
8649	0
8650	1
8651	0
8652	0
8653	1
8654	1
8655	1
8656	0
8657	1
8658	1
8659	1
8660	1
8661	0
8662	1
8663	0
8664	1
8665	1
8666	1
8667	0
8668	1
8669	1
8670	1
8671	1
8672	0
8673	0
8674	0
8675	0
8676	1
8677	1
8678	0
8679	1
8680	0
8681	1
8682	0
8683	0
8684	1
8685	1
8686	0
8687	1
8688	0
8689	0
8690	0
8691	1
8692	1
8693	1
8694	0
8695	1
8696	0
8697	1
8698	1
8699	0
8700	0
8701	0
8702	0
8703	1
8704	0
8705	0
8706	0
8707	0
8708	0
8709	1
8710	1
8711	0
8712	1
8713	1
8714	0
8715	1
8716	1
8717	1
8718	0
8719	1
8720	1
8721	1
8722	0
8723	1
8724	1
8725	1
8726	0
8727	0
8728	0
8729	0
8730	1
8731	0
8732	1
8733	1
8734	0
8735	0
8736	1
8737	0
8738	0
8739	1
8740	1
8741	1
8742	1
8743	1
8744	0
8745	1
8746	1
8747	1
8748	0
8749	1
8750	1
8751	1
8752	1
8753	1
8754	0
8755	1
8756	1
8757	0
8758	1
8759	1
8760	1
8761	1
8762	0
8763	0
8764	1
8765	1
8766	1
8767	1
8768	1
8769	1
8770	1
8771	1
8772	0
8773	1
8774	1
8775	1
8776	0
8777	1
8778	0
8779	1
8780	1
8781	1
8782	1
8783	1
8784	1
8785	0
8786	1
8787	0
8788	0
8789	0
8790	1
8791	1
8792	0
8793	0
8794	0
8795	1
8796	0
8797	1
8798	1
8799	1
8800	1
8801	1
8802	1
8803	1
8804	1
8805	0
8806	0
8807	1
8808	0
8809	1
8810	0
8811	1
8812	1
8813	0
8814	1
8815	1
8816	0
8817	0
8818	0
8819	0
8820	1
8821	0
8822	1
8823	0
8824	0
8825	0
8826	1
8827	0
8828	1
8829	0
8830	0
8831	0
8832	1
8833	0
8834	1
8835	0
8836	0
8837	0
8838	1
8839	0
8840	1
8841	1
8842	1
8843	0
8844	1
8845	1
8846	1
8847	1
8848	1
8849	0
8850	0
8851	1
8852	0
8853	0
8854	0
8855	0
8856	1
8857	1
8858	1
8859	1
8860	1
8861	1
8862	0
8863	1
8864	1
8865	1
8866	1
8867	1
8868	0
8869	0
8870	0
8871	1
8872	1
8873	1
8874	0
8875	0
8876	1
8877	1
8878	1
8879	1
8880	1
8881	1
8882	1
8883	1
8884	1
8885	1
8886	1
8887	1
8888	1
8889	1
8890	1
8891	1
8892	1
8893	0
8894	1
8895	1
8896	1
8897	1
8898	1
8899	0
8900	0
8901	1
8902	1
8903	1
8904	0
8905	1
8906	0
8907	1
8908	1
8909	1
8910	0
8911	0
8912	1
8913	0
8914	1
8915	1
8916	1
8917	1
8918	0
8919	0
8920	1
8921	1
8922	1
8923	1
8924	1
8925	1
8926	1
8927	1
8928	1
8929	0
8930	0
8931	1
8932	0
8933	1
8934	0
8935	0
8936	1
8937	1
8938	1
8939	0
8940	1
8941	0
8942	0
8943	0
8944	0
8945	0
8946	0
8947	0
8948	0
8949	0
8950	1
8951	1
8952	1
8953	0
8954	0
8955	1
8956	0
8957	0
8958	1
8959	0
8960	0
8961	1
8962	0
8963	0
8964	1
8965	0
8966	1
8967	0
8968	1
8969	0
8970	1
8971	1
8972	1
8973	1
8974	0
8975	1
8976	0
8977	1
8978	1
8979	1
8980	0
8981	1
8982	1
8983	0
8984	1
8985	0
8986	1
8987	1
8988	0
8989	1
8990	1
8991	1
8992	1
8993	0
8994	1
8995	1
8996	1
8997	1
8998	1
8999	0
9000	1
9001	0
9002	1
9003	0
9004	0
9005	1
9006	1
9007	0
9008	0
9009	0
9010	1
9011	0
9012	1
9013	1
9014	1
9015	1
9016	1
9017	1
9018	1
9019	1
9020	1
9021	1
9022	1
9023	1
9024	1
9025	1
9026	1
9027	0
9028	1
9029	0
9030	1
9031	1
9032	1
9033	0
9034	1
9035	1
9036	0
9037	0
9038	1
9039	1
9040	1
9041	1
9042	1
9043	1
9044	1
9045	1
9046	1
9047	1
9048	1
9049	1
9050	1
9051	1
9052	0
9053	1
9054	1
9055	1
9056	1
9057	0
9058	0
9059	0
9060	0
9061	1
9062	1
9063	1
9064	1
9065	1
9066	1
9067	1
9068	1
9069	1
9070	1
9071	1
9072	1
9073	0
9074	1
9075	1
9076	1
9077	1
9078	1
9079	0
9080	0
9081	0
9082	1
9083	0
9084	1
9085	1
9086	1
9087	0
9088	0
9089	1
9090	1
9091	0
9092	1
9093	1
9094	1
9095	1
9096	1
9097	1
9098	1
9099	1
9100	0
9101	1
9102	1
9103	1
9104	1
9105	0
9106	0
9107	1
9108	0
9109	0
9110	0
9111	1
9112	0
9113	1
9114	0
9115	0
9116	1
9117	0
9118	0
9119	1
9120	1
9121	1
9122	1
9123	0
9124	1
9125	1
9126	0
9127	1
9128	1
9129	1
9130	1
9131	1
9132	0
9133	1
9134	0
9135	0
9136	0
9137	1
9138	1
9139	1
9140	1
9141	0
9142	0
9143	0
9144	0
9145	0
9146	0
9147	0
9148	0
9149	0
9150	0
9151	1
9152	1
9153	1
9154	0
9155	1
9156	1
9157	0
9158	1
9159	1
9160	1
9161	1
9162	1
9163	0
9164	1
9165	1
9166	0
9167	0
9168	0
9169	1
9170	0
9171	1
9172	1
9173	0
9174	0
9175	1
9176	0
9177	0
9178	0
9179	1
9180	1
9181	1
9182	1
9183	1
9184	1
9185	1
9186	1
9187	0
9188	1
9189	1
9190	0
9191	1
9192	0
9193	1
9194	1
9195	0
9196	0
9197	0
9198	0
9199	0
9200	0
9201	0
9202	0
9203	1
9204	1
9205	0
9206	1
9207	0
9208	1
9209	1
9210	0
9211	0
9212	0
9213	0
9214	1
9215	1
9216	1
9217	1
9218	1
9219	0
9220	1
9221	1
9222	1
9223	1
9224	1
9225	1
9226	1
9227	1
9228	1
9229	1
9230	0
9231	0
9232	1
9233	0
9234	0
9235	0
9236	0
9237	1
9238	0
9239	1
9240	1
9241	1
9242	0
9243	0
9244	1
9245	1
9246	0
9247	1
9248	1
9249	0
9250	1
9251	1
9252	1
9253	0
9254	1
9255	1
9256	1
9257	1
9258	0
9259	1
9260	1
9261	1
9262	0
9263	0
9264	1
9265	1
9266	0
9267	1
9268	1
9269	1
9270	1
9271	1
9272	1
9273	0
9274	1
9275	0
9276	1
9277	1
9278	1
9279	0
9280	1
9281	1
9282	1
9283	1
9284	0
9285	0
9286	1
9287	0
9288	1
9289	1
9290	0
9291	1
9292	0
9293	1
9294	1
9295	1
9296	0
9297	0
9298	0
9299	1
9300	1
9301	1
9302	0
9303	1
9304	1
9305	1
9306	1
9307	0
9308	1
9309	0
9310	0
9311	0
9312	0
9313	0
9314	1
9315	0
9316	0
9317	1
9318	1
9319	0
9320	0
9321	1
9322	0
9323	1
9324	1
9325	1
9326	0
9327	1
9328	1
9329	0
9330	0
9331	1
9332	0
9333	1
9334	0
9335	0
9336	1
9337	1
9338	1
9339	1
9340	1
9341	0
9342	1
9343	0
9344	0
9345	1
9346	0
9347	1
9348	1
9349	0
9350	1
9351	1
9352	1
9353	0
9354	0
9355	1
9356	1
9357	0
9358	0
9359	0
9360	1
9361	1
9362	1
9363	1
9364	1
9365	1
9366	1
9367	1
9368	0
9369	1
9370	0
9371	0
9372	0
9373	1
9374	0
9375	1
9376	0
9377	1
9378	1
9379	0
9380	0
9381	1
9382	1
9383	1
9384	0
9385	0
9386	1
9387	1
9388	1
9389	0
9390	0
9391	0
9392	1
9393	1
9394	0
9395	1
9396	1
9397	1
9398	1
9399	0
9400	0
9401	1
9402	1
9403	1
9404	1
9405	0
9406	1
9407	1
9408	1
9409	1
9410	1
9411	1
9412	1
9413	1
9414	1
9415	1
9416	1
9417	1
9418	1
9419	1
9420	1
9421	1
9422	0
9423	1
9424	1
9425	0
9426	1
9427	0
9428	1
9429	1
9430	1
9431	0
9432	1
9433	0
9434	1
9435	1
9436	0
9437	1
9438	1
9439	0
9440	0
9441	1
9442	1
9443	1
9444	0
9445	1
9446	1
9447	1
9448	1
9449	1
9450	0
9451	0
9452	1
9453	1
9454	1
9455	0
9456	0
9457	1
9458	0
9459	0
9460	1
9461	1
9462	1
9463	1
9464	1
9465	1
9466	1
9467	1
9468	1
9469	0
9470	1
9471	1
9472	1
9473	0
9474	1
9475	0
9476	0
9477	1
9478	0
9479	1
9480	1
9481	0
9482	0
9483	0
9484	1
9485	0
9486	0
9487	1
9488	1
9489	0
9490	0
9491	1
9492	0
9493	0
9494	0
9495	1
9496	1
9497	1
9498	1
9499	1
9500	1
9501	0
9502	1
9503	1
9504	1
9505	1
9506	1
9507	1
9508	1
9509	1
9510	1
9511	0
9512	0
9513	1
9514	1
9515	1
9516	0
9517	0
9518	1
9519	0
9520	0
9521	0
9522	0
9523	1
9524	1
9525	1
9526	1
9527	0
9528	0
9529	1
9530	1
9531	1
9532	1
9533	0
9534	1
9535	1
9536	0
9537	1
9538	1
9539	1
9540	0
9541	0
9542	0
9543	1
9544	1
9545	0
9546	1
9547	1
9548	1
9549	1
9550	1
9551	1
9552	1
9553	0
9554	0
9555	0
9556	0
9557	0
9558	1
9559	0
9560	1
9561	1
9562	0
9563	1
9564	1
9565	1
9566	0
9567	1
9568	0
9569	0
9570	1
9571	1
9572	0
9573	1
9574	1
9575	0
9576	0
9577	0
9578	1
9579	1
9580	0
9581	1
9582	0
9583	1
9584	0
9585	0
9586	1
9587	1
9588	1
9589	1
9590	0
9591	1
9592	1
9593	0
9594	1
9595	1
9596	0
9597	1
9598	1
9599	1
9600	1
9601	1
9602	0
9603	1
9604	1
9605	1
9606	1
9607	1
9608	1
9609	0
9610	1
9611	1
9612	1
9613	1
9614	1
9615	1
9616	1
9617	1
9618	0
9619	1
9620	1
9621	1
9622	1
9623	0
9624	1
9625	0
9626	1
9627	0
9628	1
9629	1
9630	1
9631	1
9632	1
9633	1
9634	0
9635	0
9636	1
9637	0
9638	0
9639	0
9640	0
9641	1
9642	0
9643	0
9644	0
9645	0
9646	0
9647	1
9648	1
9649	1
9650	1
9651	1
9652	1
9653	1
9654	1
9655	0
9656	0
9657	0
9658	1
9659	0
9660	0
9661	1
9662	0
9663	1
9664	1
9665	1
9666	1
9667	0
9668	1
9669	0
9670	0
9671	1
9672	1
9673	0
9674	1
9675	1
9676	1
9677	0
9678	0
9679	1
9680	0
9681	1
9682	1
9683	1
9684	1
9685	0
9686	1
9687	0
9688	0
9689	0
9690	1
9691	1
9692	0
9693	0
9694	1
9695	0
9696	0
9697	0
9698	1
9699	0
9700	1
9701	0
9702	1
9703	0
9704	1
9705	0
9706	0
9707	0
9708	1
9709	0
9710	1
9711	0
9712	1
9713	1
9714	1
9715	1
9716	1
9717	1
9718	1
9719	1
9720	1
9721	1
9722	1
9723	1
9724	1
9725	1
9726	1
9727	1
9728	1
9729	1
9730	0
9731	1
9732	1
9733	0
9734	1
9735	1
9736	0
9737	0
9738	0
9739	1
9740	0
9741	0
9742	1
9743	0
9744	0
9745	0
9746	1
9747	0
9748	1
9749	0
9750	0
9751	1
9752	1
9753	0
9754	1
9755	1
9756	0
9757	1
9758	0
9759	0
9760	0
9761	1
9762	0
9763	1
9764	1
9765	1
9766	1
9767	0
9768	1
9769	1
9770	1
9771	1
9772	0
9773	1
9774	1
9775	1
9776	0
9777	1
9778	0
9779	1
9780	0
9781	0
9782	1
9783	0
9784	1
9785	0
9786	0
9787	0
9788	0
9789	1
9790	1
9791	0
9792	1
9793	1
9794	0
9795	0
9796	1
9797	1
9798	1
9799	1
9800	1
9801	0
9802	0
9803	0
9804	0
9805	1
9806	1
9807	1
9808	1
9809	0
9810	1
9811	1
9812	1
9813	1
9814	1
9815	0
9816	0
9817	0
9818	0
9819	0
9820	0
9821	1
9822	1
9823	1
9824	0
9825	0
9826	1
9827	0
9828	1
9829	1
9830	0
9831	1
9832	1
9833	0
9834	1
9835	0
9836	0
9837	0
9838	1
9839	0
9840	0
9841	1
9842	0
9843	0
9844	1
9845	1
9846	0
9847	1
9848	1
9849	1
9850	0
9851	0
9852	1
9853	1
9854	1
9855	1
9856	0
9857	1
9858	1
9859	1
9860	0
9861	1
9862	1
9863	1
9864	1
9865	1
9866	1
9867	0
9868	1
9869	0
9870	1
9871	1
9872	1
9873	1
9874	1
9875	0
9876	0
9877	0
9878	0
9879	0
9880	0
9881	1
9882	1
9883	0
9884	1
9885	1
9886	0
9887	1
9888	1
9889	0
9890	0
9891	0
9892	0
9893	1
9894	1
9895	1
9896	0
9897	1
9898	0
9899	0
9900	0
9901	1
9902	0
9903	0
9904	0
9905	0
9906	0
9907	1
9908	0
9909	0
9910	0
9911	1
9912	0
9913	0
9914	1
9915	0
9916	0
9917	0
9918	0
9919	1
9920	1
9921	0
9922	1
9923	0
9924	1
9925	1
9926	1
9927	1
9928	1
9929	1
9930	0
9931	0
9932	0
9933	0
9934	0
9935	0
9936	0
9937	0
9938	0
9939	0
9940	0
9941	1
9942	0
9943	1
9944	0
9945	0
9946	0
9947	1
9948	1
9949	0
9950	1
9951	0
9952	1
9953	0
9954	0
9955	0
9956	0
9957	0
9958	1
9959	0
9960	0
9961	0
9962	0
9963	1
9964	1
9965	1
9966	0
9967	1
9968	1
9969	0
9970	1
9971	1
9972	1
9973	0
9974	0
9975	1
9976	0
9977	1
9978	1
9979	1
9980	0
9981	0
9982	0
9983	0
9984	0
9985	0
9986	1
9987	1
9988	0
9989	0
9990	0
9991	0
9992	0
9993	0
9994	1
9995	1
9996	0
9997	1
9998	0
9999	1
10000	0
10001	1
10002	1
10003	1
10004	0
10005	1
10006	1
10007	0
10008	1
10009	0
10010	1
10011	1
10012	0
10013	1
10014	1
10015	0
10016	0
10017	1
10018	1
10019	1
10020	1
10021	1
10022	0
10023	1
10024	1
10025	1
10026	1
10027	1
10028	1
10029	1
10030	1
10031	0
10032	0
10033	1
10034	1
10035	1
10036	1
10037	1
10038	0
10039	1
10040	1
10041	1
10042	1
10043	0
10044	1
10045	1
10046	0
10047	1
10048	1
10049	1
10050	1
10051	1
10052	1
10053	1
10054	1
10055	1
10056	1
10057	0
10058	1
10059	1
10060	0
10061	0
10062	1
10063	0
10064	0
10065	1
10066	0
10067	0
10068	0
10069	1
10070	0
10071	1
10072	0
10073	0
10074	0
10075	1
10076	1
10077	1
10078	1
10079	0
10080	0
10081	0
10082	0
10083	0
10084	0
10085	1
10086	0
10087	0
10088	1
10089	1
10090	1
10091	1
10092	1
10093	0
10094	0
10095	0
10096	0
10097	0
10098	0
10099	0
10100	1
10101	1
10102	0
10103	0
10104	1
10105	0
10106	0
10107	0
10108	0
10109	0
10110	0
10111	1
10112	1
10113	1
10114	0
10115	1
10116	0
10117	1
10118	1
10119	0
10120	0
10121	0
10122	0
10123	1
10124	1
10125	1
10126	1
10127	0
10128	1
10129	1
10130	1
10131	1
10132	1
10133	1
10134	1
10135	1
10136	1
10137	0
10138	1
10139	0
10140	0
10141	0
10142	0
10143	1
10144	1
10145	0
10146	1
10147	1
10148	0
10149	1
10150	1
10151	1
10152	0
10153	0
10154	1
10155	1
10156	0
10157	1
10158	1
10159	1
10160	0
10161	1
10162	0
10163	1
10164	1
10165	1
10166	0
10167	0
10168	1
10169	1
10170	0
10171	0
10172	1
10173	1
10174	0
10175	1
10176	0
10177	0
10178	1
10179	1
10180	1
10181	0
10182	1
10183	0
10184	1
10185	0
10186	0
10187	1
10188	0
10189	1
10190	1
10191	0
10192	0
10193	0
10194	1
10195	1
10196	1
10197	0
10198	0
10199	1
10200	1
10201	1
10202	1
10203	0
10204	0
10205	0
10206	1
10207	1
10208	1
10209	1
10210	0
10211	1
10212	0
10213	1
10214	1
10215	1
10216	1
10217	0
10218	1
10219	1
10220	0
10221	1
10222	1
10223	1
10224	1
10225	1
10226	1
10227	1
10228	1
10229	1
10230	1
10231	1
10232	1
10233	0
10234	1
10235	1
10236	1
10237	1
10238	0
10239	0
10240	0
10241	1
10242	0
10243	0
10244	0
10245	1
10246	0
10247	1
10248	1
10249	0
10250	0
10251	1
10252	0
10253	1
10254	0
10255	0
10256	0
10257	1
10258	0
10259	1
10260	1
10261	0
10262	1
10263	1
10264	0
10265	1
10266	1
10267	1
10268	1
10269	1
10270	1
10271	1
10272	0
10273	1
10274	1
10275	1
10276	0
10277	1
10278	1
10279	1
10280	0
10281	1
10282	1
10283	1
10284	0
10285	1
10286	0
10287	1
10288	0
10289	1
10290	0
10291	0
10292	1
10293	0
10294	1
10295	0
10296	1
10297	1
10298	1
10299	0
10300	0
10301	0
10302	1
10303	1
10304	1
10305	1
10306	1
10307	0
10308	1
10309	1
10310	1
10311	1
10312	1
10313	1
10314	0
10315	1
10316	1
10317	1
10318	1
10319	1
10320	1
10321	1
10322	0
10323	0
10324	1
10325	1
10326	1
10327	1
10328	1
10329	0
10330	1
10331	1
10332	1
10333	1
10334	1
10335	0
10336	0
10337	0
10338	0
10339	1
10340	1
10341	0
10342	1
10343	0
10344	0
10345	0
10346	1
10347	1
10348	0
10349	1
10350	0
10351	0
10352	0
10353	1
10354	0
10355	1
10356	0
10357	1
10358	1
10359	0
10360	0
10361	1
10362	1
10363	1
10364	1
10365	1
10366	1
10367	1
10368	1
10369	1
10370	1
10371	1
10372	0
10373	1
10374	0
10375	1
10376	1
10377	0
10378	1
10379	1
10380	0
10381	0
10382	1
10383	0
10384	0
10385	0
10386	1
10387	1
10388	1
10389	1
10390	1
10391	1
10392	0
10393	1
10394	1
10395	1
10396	1
10397	1
10398	1
10399	0
10400	0
10401	1
10402	0
10403	0
10404	1
10405	0
10406	0
10407	0
10408	1
10409	0
10410	0
10411	0
10412	1
10413	1
10414	0
10415	0
10416	1
10417	1
10418	1
10419	1
10420	1
10421	1
10422	1
10423	1
10424	1
10425	0
10426	1
10427	0
10428	0
10429	0
10430	1
10431	0
10432	0
10433	1
10434	0
10435	0
10436	0
10437	1
10438	1
10439	1
10440	1
10441	0
10442	1
10443	0
10444	0
10445	0
10446	1
10447	0
10448	1
10449	1
10450	1
10451	1
10452	0
10453	0
10454	0
10455	0
10456	0
10457	0
10458	1
10459	1
10460	0
10461	1
10462	1
10463	1
10464	1
10465	0
10466	1
10467	1
10468	0
10469	1
10470	1
10471	1
10472	0
10473	0
10474	1
10475	0
10476	1
10477	1
10478	0
10479	1
10480	1
10481	0
10482	1
10483	1
10484	0
10485	1
10486	1
10487	1
10488	0
10489	1
10490	0
10491	1
10492	1
10493	1
10494	1
10495	1
10496	1
10497	1
10498	1
10499	0
10500	1
10501	1
10502	1
10503	1
10504	1
10505	1
10506	1
10507	0
10508	0
10509	0
10510	0
10511	1
10512	1
10513	0
10514	1
10515	1
10516	0
10517	1
10518	0
10519	1
10520	1
10521	0
10522	1
10523	0
10524	0
10525	1
10526	0
10527	0
10528	1
10529	1
10530	0
10531	1
10532	1
10533	0
10534	1
10535	1
10536	0
10537	0
10538	0
10539	0
10540	1
10541	0
10542	1
10543	0
10544	0
10545	0
10546	0
10547	0
10548	0
10549	1
10550	0
10551	0
10552	0
10553	1
10554	1
10555	1
10556	1
10557	1
10558	0
10559	0
10560	0
10561	1
10562	1
10563	1
10564	0
10565	1
10566	1
10567	0
10568	1
10569	1
10570	0
10571	0
10572	1
10573	1
10574	1
10575	1
10576	1
10577	1
10578	1
10579	1
10580	0
10581	1
10582	0
10583	1
10584	0
10585	1
10586	1
10587	1
10588	0
10589	1
10590	1
10591	0
10592	0
10593	0
10594	1
10595	0
10596	1
10597	0
10598	0
10599	1
10600	1
10601	1
10602	0
10603	0
10604	1
10605	1
10606	0
10607	1
10608	1
10609	1
10610	1
10611	0
10612	0
10613	0
10614	0
10615	1
10616	1
10617	1
10618	1
10619	1
10620	1
10621	1
10622	1
10623	1
10624	1
10625	0
10626	0
10627	1
10628	1
10629	1
10630	1
10631	1
10632	1
10633	1
10634	1
10635	1
10636	0
10637	1
10638	1
10639	1
10640	0
10641	1
10642	1
10643	0
10644	1
10645	0
10646	0
10647	0
10648	0
10649	1
10650	1
10651	1
10652	1
10653	0
10654	1
10655	1
10656	1
10657	1
10658	0
10659	1
10660	1
10661	1
10662	0
10663	0
10664	1
10665	1
10666	1
10667	0
10668	1
10669	0
10670	1
10671	1
10672	1
10673	1
10674	1
10675	1
10676	0
10677	1
10678	1
10679	1
10680	1
10681	0
10682	0
10683	1
10684	0
10685	1
10686	1
10687	0
10688	1
10689	1
10690	1
10691	0
10692	1
10693	0
10694	1
10695	0
10696	0
10697	0
10698	1
10699	1
10700	0
10701	1
10702	1
10703	1
10704	1
10705	1
10706	1
10707	1
10708	1
10709	1
10710	1
10711	1
10712	1
10713	1
10714	1
10715	1
10716	1
10717	1
10718	1
10719	0
10720	0
10721	0
10722	0
10723	0
10724	1
10725	1
10726	1
10727	0
10728	1
10729	1
10730	1
10731	0
10732	0
10733	1
10734	1
10735	0
10736	1
10737	0
10738	1
10739	1
10740	1
10741	1
10742	1
10743	0
10744	1
10745	1
10746	1
10747	0
10748	0
10749	0
10750	1
10751	1
10752	1
10753	1
10754	0
10755	1
10756	1
10757	1
10758	1
10759	1
10760	0
10761	1
10762	1
10763	1
10764	1
10765	1
10766	1
10767	1
10768	0
10769	0
10770	0
10771	0
10772	1
10773	0
10774	1
10775	1
10776	1
10777	0
10778	0
10779	1
10780	0
10781	1
10782	1
10783	1
10784	0
10785	0
10786	0
10787	0
10788	1
10789	1
10790	1
10791	0
10792	1
10793	1
10794	1
10795	1
10796	0
10797	1
10798	1
10799	0
10800	1
10801	0
10802	1
10803	1
10804	1
10805	1
10806	1
10807	0
10808	0
10809	1
10810	1
10811	0
10812	0
10813	1
10814	0
10815	1
10816	0
10817	0
10818	0
10819	0
10820	0
10821	1
10822	0
10823	1
10824	1
10825	1
10826	0
10827	0
10828	0
10829	0
10830	0
10831	0
10832	1
10833	0
10834	0
10835	1
10836	1
10837	0
10838	1
10839	1
10840	1
10841	1
10842	0
10843	1
10844	1
10845	0
10846	0
10847	0
10848	0
10849	0
10850	1
10851	0
10852	0
10853	1
10854	0
10855	1
10856	1
10857	1
10858	1
10859	0
10860	1
10861	0
10862	0
10863	1
10864	1
10865	1
10866	0
10867	1
10868	1
10869	1
10870	1
10871	0
10872	1
10873	1
10874	1
10875	1
10876	1
10877	1
10878	1
10879	0
10880	1
10881	0
10882	0
10883	0
10884	0
10885	0
10886	1
10887	0
10888	0
10889	0
10890	1
10891	0
10892	1
10893	0
10894	1
10895	0
10896	0
10897	0
10898	0
10899	1
10900	0
10901	0
10902	1
10903	0
10904	1
10905	0
10906	1
10907	0
10908	0
10909	1
10910	1
10911	1
10912	0
10913	0
10914	0
10915	1
10916	0
10917	0
10918	0
10919	0
10920	1
10921	1
10922	0
10923	1
10924	0
10925	1
10926	1
10927	0
10928	0
10929	0
10930	0
10931	0
10932	0
10933	0
10934	1
10935	0
10936	0
10937	1
10938	1
10939	1
10940	0
10941	1
10942	1
10943	0
10944	1
10945	0
10946	1
10947	0
10948	0
10949	0
10950	1
10951	0
10952	0
10953	1
10954	0
10955	0
10956	0
10957	1
10958	1
10959	0
10960	1
10961	1
10962	1
10963	1
10964	1
10965	0
10966	0
10967	1
10968	1
10969	1
10970	1
10971	0
10972	0
10973	0
10974	1
10975	0
10976	1
10977	0
10978	0
10979	1
10980	1
10981	0
10982	0
10983	1
10984	0
10985	1
10986	0
10987	1
10988	1
10989	1
10990	1
10991	0
10992	0
10993	0
10994	0
10995	0
10996	0
10997	1
10998	0
10999	0
11000	1
11001	0
11002	0
11003	0
11004	0
11005	1
11006	0
11007	0
11008	1
11009	1
11010	0
11011	1
11012	0
11013	0
11014	0
11015	1
11016	0
11017	1
11018	0
11019	1
11020	0
11021	1
11022	0
11023	1
11024	0
11025	0
11026	0
11027	1
11028	0
11029	1
11030	0
11031	0
11032	0
11033	0
11034	0
11035	1
11036	0
11037	1
11038	0
11039	0
11040	1
11041	0
11042	0
11043	1
11044	1
11045	1
11046	1
11047	1
11048	0
11049	1
11050	1
11051	1
11052	1
11053	1
11054	1
11055	1
11056	1
11057	1
11058	1
11059	1
11060	1
11061	0
11062	1
11063	1
11064	1
11065	1
11066	0
11067	0
11068	1
11069	1
11070	1
11071	0
11072	1
11073	1
11074	0
11075	1
11076	1
11077	1
11078	1
11079	1
11080	0
11081	1
11082	0
11083	0
11084	1
11085	1
11086	0
11087	1
11088	1
11089	1
11090	0
11091	0
11092	0
11093	1
11094	1
11095	1
11096	1
11097	1
11098	1
11099	1
11100	1
11101	1
11102	1
11103	1
11104	1
11105	1
11106	1
11107	0
11108	1
11109	1
11110	0
11111	1
11112	1
11113	0
11114	0
11115	0
11116	1
11117	1
11118	0
11119	1
11120	1
11121	0
11122	0
11123	1
11124	0
11125	1
11126	0
11127	0
11128	1
11129	1
11130	0
11131	1
11132	1
11133	1
11134	0
11135	1
11136	1
11137	1
11138	1
11139	1
11140	1
11141	1
11142	0
11143	1
11144	0
11145	1
11146	0
11147	0
11148	1
11149	1
11150	0
11151	0
11152	1
11153	1
11154	0
11155	1
11156	1
11157	0
11158	0
11159	0
11160	1
11161	0
11162	0
11163	1
11164	1
11165	0
11166	0
11167	1
11168	1
11169	1
11170	1
11171	1
11172	0
11173	1
11174	0
11175	0
11176	1
11177	1
11178	0
11179	0
11180	1
11181	0
11182	1
11183	1
11184	0
11185	1
11186	1
11187	0
11188	1
11189	1
11190	1
11191	0
11192	1
11193	1
11194	1
11195	0
11196	0
11197	0
11198	0
11199	1
11200	1
11201	1
11202	0
11203	0
11204	1
11205	0
11206	0
11207	0
11208	0
11209	1
11210	0
11211	1
11212	0
11213	1
11214	0
11215	1
11216	1
11217	0
11218	1
11219	0
11220	1
11221	0
11222	0
11223	1
11224	1
11225	1
11226	0
11227	1
11228	1
11229	1
11230	1
11231	1
11232	1
11233	1
11234	1
11235	1
11236	0
11237	1
11238	1
11239	0
11240	1
11241	1
11242	1
11243	1
11244	1
11245	1
11246	0
11247	1
11248	0
11249	1
11250	0
11251	1
11252	0
11253	0
11254	0
11255	1
11256	1
11257	1
11258	1
11259	1
11260	1
11261	0
11262	1
11263	1
11264	1
11265	0
11266	1
11267	1
11268	1
11269	1
11270	1
11271	1
11272	1
11273	1
11274	1
11275	1
11276	1
11277	1
11278	1
11279	0
11280	1
11281	1
11282	1
11283	1
11284	0
11285	1
11286	1
11287	1
11288	0
11289	0
11290	0
11291	1
11292	1
11293	1
11294	0
11295	1
11296	1
11297	1
11298	1
11299	1
11300	0
11301	1
11302	1
11303	0
11304	1
11305	1
11306	1
11307	0
11308	0
11309	1
11310	1
11311	1
11312	1
11313	1
11314	0
11315	0
11316	1
11317	0
11318	1
11319	0
11320	1
11321	0
11322	0
11323	0
11324	0
11325	0
11326	0
11327	0
11328	1
11329	1
11330	1
11331	0
11332	1
11333	0
11334	0
11335	0
11336	0
11337	0
11338	0
11339	0
11340	1
11341	1
11342	0
11343	0
11344	0
11345	0
11346	1
11347	0
11348	1
11349	0
11350	0
11351	0
11352	0
11353	1
11354	1
11355	0
11356	0
11357	1
11358	0
11359	1
11360	1
11361	1
11362	0
11363	1
11364	0
11365	1
11366	1
11367	1
11368	0
11369	1
11370	1
11371	1
11372	1
11373	1
11374	1
11375	1
11376	0
11377	1
11378	1
11379	1
11380	1
11381	1
11382	1
11383	1
11384	1
11385	1
11386	1
11387	0
11388	1
11389	1
11390	0
11391	1
11392	0
11393	0
11394	1
11395	0
11396	1
11397	1
11398	1
11399	1
11400	1
11401	0
11402	0
11403	0
11404	1
11405	0
11406	1
11407	1
11408	0
11409	1
11410	1
11411	0
11412	1
11413	0
11414	0
11415	1
11416	0
11417	0
11418	1
11419	1
11420	1
11421	0
11422	1
11423	0
11424	0
11425	0
11426	1
11427	0
11428	1
11429	1
11430	0
11431	1
11432	1
11433	1
11434	1
11435	0
11436	0
11437	1
11438	0
11439	1
11440	0
11441	1
11442	0
11443	1
11444	1
11445	1
11446	1
11447	1
11448	1
11449	1
11450	1
11451	0
11452	1
11453	1
11454	1
11455	1
11456	1
11457	0
11458	0
11459	0
11460	0
11461	0
11462	0
11463	0
11464	0
11465	0
11466	0
11467	0
11468	0
11469	0
11470	1
11471	1
11472	0
11473	0
11474	0
11475	1
11476	1
11477	0
11478	1
11479	0
11480	0
11481	1
11482	1
11483	0
11484	1
11485	0
11486	0
11487	0
11488	1
11489	1
11490	0
11491	1
11492	0
11493	1
11494	0
11495	1
11496	1
11497	0
11498	1
11499	1
11500	1
11501	1
11502	0
11503	1
11504	0
11505	0
11506	0
11507	1
11508	1
11509	0
11510	0
11511	1
11512	1
11513	0
11514	0
11515	1
11516	0
11517	1
11518	1
11519	1
11520	0
11521	1
11522	0
11523	0
11524	0
11525	1
11526	1
11527	0
11528	1
11529	1
11530	1
11531	1
11532	1
11533	0
11534	1
11535	1
11536	1
11537	0
11538	1
11539	1
11540	1
11541	1
11542	0
11543	1
11544	1
11545	1
11546	1
11547	0
11548	0
11549	1
11550	1
11551	1
11552	1
11553	0
11554	0
11555	0
11556	1
11557	1
11558	1
11559	0
11560	1
11561	1
11562	1
11563	0
11564	1
11565	1
11566	1
11567	1
11568	0
11569	1
11570	1
11571	0
11572	0
11573	1
11574	1
11575	0
11576	1
11577	1
11578	1
11579	1
11580	1
11581	0
11582	1
11583	0
11584	0
11585	1
11586	1
11587	0
11588	1
11589	1
11590	1
11591	0
11592	0
11593	0
11594	0
11595	0
11596	1
11597	0
11598	0
11599	0
11600	0
11601	1
11602	1
11603	1
11604	1
11605	0
11606	1
11607	0
11608	1
11609	1
11610	1
11611	0
11612	1
11613	0
11614	0
11615	1
11616	1
11617	1
11618	1
11619	1
11620	1
11621	1
11622	1
11623	0
11624	0
11625	0
11626	0
11627	0
11628	1
11629	0
11630	1
11631	1
11632	1
11633	1
11634	1
11635	1
11636	0
11637	0
11638	0
11639	0
11640	0
11641	0
11642	1
11643	0
11644	0
11645	1
11646	1
11647	1
11648	1
11649	0
11650	1
11651	1
11652	1
11653	1
11654	0
11655	1
11656	1
11657	1
11658	0
11659	1
11660	1
11661	1
11662	0
11663	1
11664	0
11665	0
11666	0
11667	0
11668	0
11669	1
11670	0
11671	1
11672	1
11673	0
11674	1
11675	1
11676	1
11677	0
11678	0
11679	0
11680	0
11681	1
11682	1
11683	1
11684	0
11685	1
11686	1
11687	1
11688	1
11689	1
11690	0
11691	0
11692	1
11693	0
11694	0
11695	0
11696	0
11697	1
11698	0
11699	1
11700	1
11701	1
11702	1
11703	1
11704	0
11705	0
11706	0
11707	0
11708	1
11709	1
11710	1
11711	1
11712	0
11713	1
11714	1
11715	0
11716	1
11717	0
11718	1
11719	0
11720	1
11721	1
11722	1
11723	0
11724	1
11725	0
11726	1
11727	0
11728	1
11729	0
11730	1
11731	0
11732	1
11733	1
11734	1
11735	1
11736	0
11737	0
11738	0
11739	0
11740	0
11741	1
11742	1
11743	1
11744	0
11745	0
11746	1
11747	1
11748	0
11749	1
11750	1
11751	0
11752	1
11753	1
11754	0
11755	1
11756	0
11757	1
11758	1
11759	1
11760	1
11761	0
11762	1
11763	0
11764	0
11765	0
11766	1
11767	1
11768	1
11769	0
11770	0
11771	0
11772	0
11773	1
11774	1
11775	0
11776	0
11777	0
11778	1
11779	1
11780	0
11781	0
11782	0
11783	0
11784	1
11785	1
11786	0
11787	1
11788	1
11789	0
11790	0
11791	1
11792	1
11793	1
11794	1
11795	1
11796	1
11797	1
11798	1
11799	0
11800	0
11801	0
11802	1
11803	1
11804	0
11805	1
11806	1
11807	0
11808	1
11809	1
11810	1
11811	0
11812	0
11813	1
11814	1
11815	0
11816	0
11817	1
11818	1
11819	1
11820	1
11821	0
11822	1
11823	1
11824	0
11825	1
11826	1
11827	0
11828	1
11829	0
11830	1
11831	1
11832	1
11833	0
11834	0
11835	1
11836	1
11837	0
11838	0
11839	1
11840	1
11841	1
11842	0
11843	0
11844	0
11845	1
11846	0
11847	1
11848	0
11849	1
11850	0
11851	1
11852	1
11853	1
11854	1
11855	0
11856	1
11857	0
11858	0
11859	1
11860	1
11861	1
11862	0
11863	0
11864	0
11865	0
11866	1
11867	1
11868	1
11869	0
11870	0
11871	1
11872	1
11873	1
11874	1
11875	0
11876	1
11877	0
11878	1
11879	0
11880	1
11881	0
11882	0
11883	1
11884	0
11885	1
11886	1
11887	1
11888	1
11889	1
11890	1
11891	1
11892	1
11893	1
11894	1
11895	0
11896	0
11897	1
11898	1
11899	1
11900	1
11901	1
11902	1
11903	1
11904	1
11905	0
11906	1
11907	1
11908	1
11909	1
11910	1
11911	1
11912	1
11913	1
11914	1
11915	0
11916	1
11917	0
11918	0
11919	1
11920	1
11921	1
11922	1
11923	0
11924	1
11925	1
11926	1
11927	1
11928	1
11929	1
11930	1
11931	0
11932	0
11933	0
11934	0
11935	1
11936	0
11937	0
11938	0
11939	0
11940	0
11941	0
11942	0
11943	0
11944	0
11945	1
11946	0
11947	1
11948	0
11949	0
11950	0
11951	1
11952	0
11953	0
11954	1
11955	1
11956	1
11957	0
11958	1
11959	1
11960	1
11961	1
11962	1
11963	1
11964	1
11965	1
11966	0
11967	1
11968	1
11969	0
11970	0
11971	0
11972	1
11973	0
11974	0
11975	1
11976	1
11977	0
11978	0
11979	1
11980	0
11981	0
11982	1
11983	0
11984	0
11985	1
11986	0
11987	0
11988	0
11989	0
11990	1
11991	1
11992	1
11993	1
11994	1
11995	1
11996	0
11997	1
11998	0
11999	0
12000	0
12001	1
12002	0
12003	1
12004	1
12005	1
12006	0
12007	1
12008	1
12009	1
12010	0
12011	1
12012	1
12013	1
12014	1
12015	0
12016	1
12017	1
12018	1
12019	0
12020	0
12021	1
12022	1
12023	0
12024	0
12025	1
12026	0
12027	1
12028	0
12029	1
12030	0
12031	0
12032	1
12033	1
12034	0
12035	0
12036	0
12037	0
12038	1
12039	0
12040	1
12041	0
12042	0
12043	0
12044	0
12045	0
12046	1
12047	1
12048	0
12049	1
12050	1
12051	1
12052	1
12053	1
12054	0
12055	0
12056	1
12057	1
12058	0
12059	0
12060	1
12061	0
12062	0
12063	0
12064	1
12065	1
12066	1
12067	1
12068	1
12069	1
12070	1
12071	0
12072	1
12073	1
12074	1
12075	1
12076	1
12077	1
12078	0
12079	1
12080	1
12081	1
12082	1
12083	1
12084	0
12085	1
12086	0
12087	1
12088	0
12089	0
12090	0
12091	0
12092	1
12093	1
12094	0
12095	1
12096	0
12097	1
12098	1
12099	1
12100	1
12101	1
12102	1
12103	1
12104	1
12105	0
12106	1
12107	1
12108	1
12109	1
12110	1
12111	1
12112	1
12113	1
12114	1
12115	0
12116	1
12117	0
12118	0
12119	1
12120	1
12121	0
12122	0
12123	1
12124	0
12125	1
12126	1
12127	1
12128	1
12129	1
12130	0
12131	0
12132	1
12133	1
12134	1
12135	1
12136	1
12137	1
12138	0
12139	1
12140	0
12141	0
12142	1
12143	1
12144	1
12145	0
12146	1
12147	1
12148	1
12149	0
12150	0
12151	0
12152	1
12153	1
12154	1
12155	1
12156	1
12157	1
12158	0
12159	1
12160	0
12161	1
12162	0
12163	1
12164	1
12165	1
12166	1
12167	0
12168	0
12169	0
12170	1
12171	1
12172	0
12173	0
12174	1
12175	0
12176	0
12177	1
12178	0
12179	0
12180	1
12181	0
12182	0
12183	0
12184	0
12185	0
12186	0
12187	0
12188	0
12189	1
12190	1
12191	0
12192	1
12193	0
12194	0
12195	1
12196	0
12197	1
12198	1
12199	0
12200	1
12201	1
12202	0
12203	0
12204	1
12205	0
12206	1
12207	1
12208	0
12209	1
12210	0
12211	0
12212	0
12213	0
12214	0
12215	1
12216	0
12217	1
12218	0
12219	1
12220	1
12221	1
12222	1
12223	1
12224	1
12225	0
12226	1
12227	1
12228	1
12229	1
12230	1
12231	1
12232	1
12233	1
12234	1
12235	1
12236	1
12237	1
12238	1
12239	1
12240	1
12241	1
12242	1
12243	0
12244	1
12245	1
12246	1
12247	0
12248	0
12249	0
12250	1
12251	1
12252	0
12253	1
12254	0
12255	0
12256	1
12257	0
12258	0
12259	1
12260	0
12261	0
12262	0
12263	0
12264	0
12265	1
12266	1
12267	0
12268	1
12269	0
12270	0
12271	0
12272	0
12273	1
12274	0
12275	1
12276	1
12277	0
12278	0
12279	0
12280	1
12281	0
12282	0
12283	1
12284	1
12285	0
12286	1
12287	1
12288	1
12289	1
12290	1
12291	1
12292	0
12293	0
12294	0
12295	1
12296	1
12297	1
12298	0
12299	0
12300	1
12301	1
12302	1
12303	1
12304	1
12305	1
12306	1
12307	1
12308	0
12309	1
12310	1
12311	1
12312	1
12313	1
12314	1
12315	1
12316	1
12317	1
12318	1
12319	1
12320	1
12321	1
12322	0
12323	1
12324	1
12325	1
12326	0
12327	1
12328	1
12329	1
12330	0
12331	0
12332	1
12333	1
12334	0
12335	0
12336	1
12337	0
12338	0
12339	1
12340	1
12341	1
12342	1
12343	1
12344	1
12345	1
12346	1
12347	1
12348	1
12349	1
12350	1
12351	1
12352	1
12353	1
12354	0
12355	1
12356	1
12357	1
12358	1
12359	0
12360	0
12361	1
12362	0
12363	1
12364	0
12365	0
12366	0
12367	1
12368	1
12369	0
12370	1
12371	1
12372	1
12373	0
12374	1
12375	1
12376	0
12377	1
12378	1
12379	0
12380	1
12381	0
12382	0
12383	0
12384	1
12385	1
12386	1
12387	0
12388	0
12389	1
12390	1
12391	0
12392	0
12393	0
12394	0
12395	0
12396	1
12397	1
12398	1
12399	1
12400	1
12401	1
12402	1
12403	0
12404	0
12405	0
12406	1
12407	1
12408	1
12409	0
12410	1
12411	0
12412	1
12413	1
12414	1
12415	0
12416	0
12417	1
12418	1
12419	1
12420	1
12421	0
12422	0
12423	0
12424	0
12425	0
12426	1
12427	0
12428	0
12429	1
12430	0
12431	0
12432	0
12433	1
12434	0
12435	0
12436	0
12437	1
12438	0
12439	0
12440	0
12441	0
12442	0
12443	0
12444	0
12445	1
12446	0
12447	0
12448	0
12449	1
12450	0
12451	1
12452	0
12453	0
12454	1
12455	0
12456	1
12457	1
12458	1
12459	1
12460	1
12461	1
12462	1
12463	0
12464	1
12465	1
12466	0
12467	1
12468	1
12469	0
12470	0
12471	0
12472	1
12473	0
12474	1
12475	1
12476	1
12477	1
12478	1
12479	1
12480	1
12481	1
12482	0
12483	1
12484	1
12485	1
12486	1
12487	1
12488	1
12489	1
12490	0
12491	1
12492	1
12493	0
12494	1
12495	1
12496	1
12497	0
12498	1
12499	1
12500	1
12501	0
12502	1
12503	1
12504	1
12505	1
12506	1
12507	1
12508	1
12509	1
12510	1
12511	1
12512	1
12513	1
12514	1
12515	0
12516	1
12517	1
12518	1
12519	1
12520	0
12521	0
12522	1
12523	1
12524	1
12525	0
12526	1
12527	0
12528	1
12529	1
12530	1
12531	1
12532	1
12533	1
12534	1
12535	1
12536	0
12537	1
12538	1
12539	1
12540	1
12541	1
12542	1
12543	1
12544	1
12545	1
12546	0
12547	1
12548	0
12549	0
12550	0
12551	0
12552	1
12553	1
12554	1
12555	1
12556	1
12557	0
12558	1
12559	1
12560	1
12561	0
12562	1
12563	1
12564	1
12565	1
12566	0
12567	1
12568	1
12569	0
12570	1
12571	1
12572	1
12573	1
12574	1
12575	1
12576	1
12577	1
12578	1
12579	0
12580	1
12581	1
12582	1
12583	1
12584	0
12585	1
12586	1
12587	1
12588	1
12589	0
12590	0
12591	0
12592	1
12593	0
12594	1
12595	1
12596	0
12597	1
12598	1
12599	1
12600	1
12601	0
12602	1
12603	1
12604	1
12605	1
12606	0
12607	0
12608	0
12609	1
12610	0
12611	1
12612	0
12613	1
12614	0
12615	1
12616	0
12617	0
12618	1
12619	1
12620	0
12621	0
12622	0
12623	0
12624	0
12625	0
12626	1
12627	0
12628	0
12629	1
12630	0
12631	1
12632	1
12633	0
12634	1
12635	0
12636	0
12637	0
12638	0
12639	1
12640	1
12641	1
12642	1
12643	1
12644	1
12645	1
12646	0
12647	1
12648	0
12649	0
12650	0
12651	0
12652	1
12653	1
12654	1
12655	1
12656	0
12657	1
12658	0
12659	1
12660	1
12661	0
12662	0
12663	1
12664	1
12665	0
12666	1
12667	0
12668	1
12669	1
12670	0
12671	0
12672	1
12673	1
12674	1
12675	0
12676	1
12677	1
12678	0
12679	0
12680	0
12681	1
12682	1
12683	1
12684	1
12685	0
12686	0
12687	1
12688	1
12689	0
12690	1
12691	1
12692	0
12693	1
12694	1
12695	1
12696	1
12697	1
12698	1
12699	1
12700	1
12701	1
12702	1
12703	1
12704	1
12705	0
12706	0
12707	1
12708	1
12709	1
12710	1
12711	1
12712	1
12713	1
12714	1
12715	1
12716	0
12717	1
12718	0
12719	1
12720	1
12721	1
12722	1
12723	1
12724	1
12725	1
12726	1
12727	1
12728	1
12729	1
12730	1
12731	0
12732	1
12733	1
12734	1
12735	0
12736	1
12737	1
12738	1
12739	1
12740	1
12741	0
12742	0
12743	1
12744	1
12745	0
12746	0
12747	0
12748	1
12749	1
12750	1
12751	1
12752	1
12753	0
12754	1
12755	1
12756	1
12757	0
12758	1
12759	1
12760	0
12761	1
12762	0
12763	0
12764	1
12765	1
12766	1
12767	1
12768	1
12769	0
12770	1
12771	1
12772	0
12773	0
12774	0
12775	1
12776	1
12777	1
12778	1
12779	1
12780	1
12781	0
12782	1
12783	0
12784	0
12785	1
12786	1
12787	0
12788	1
12789	0
12790	1
12791	0
12792	1
12793	1
12794	0
12795	0
12796	1
12797	0
12798	0
12799	1
12800	1
12801	0
12802	1
12803	1
12804	1
12805	0
12806	0
12807	1
12808	1
12809	0
12810	1
12811	1
12812	0
12813	1
12814	1
12815	0
12816	1
12817	1
12818	0
12819	1
12820	0
12821	0
12822	0
12823	1
12824	0
12825	0
12826	1
12827	1
12828	1
12829	1
12830	1
12831	1
12832	1
12833	1
12834	1
12835	1
12836	1
12837	1
12838	1
12839	1
12840	1
12841	1
12842	0
12843	1
12844	1
12845	1
12846	1
12847	0
12848	0
12849	1
12850	1
12851	1
12852	0
12853	1
12854	1
12855	1
12856	1
12857	1
12858	1
12859	1
12860	1
12861	0
12862	1
12863	1
12864	0
12865	0
12866	0
12867	1
12868	0
12869	1
12870	1
12871	0
12872	1
12873	1
12874	0
12875	1
12876	1
12877	1
12878	1
12879	1
12880	1
12881	1
12882	1
12883	1
12884	0
12885	1
12886	0
12887	0
12888	1
12889	1
12890	1
12891	1
12892	0
12893	1
12894	1
12895	0
12896	1
12897	1
12898	1
12899	1
12900	0
12901	0
12902	0
12903	1
12904	1
12905	1
12906	1
12907	1
12908	0
12909	1
12910	1
12911	1
12912	0
12913	1
12914	0
12915	0
12916	1
12917	0
12918	1
12919	1
12920	1
12921	1
12922	1
12923	1
12924	1
12925	0
12926	1
12927	1
12928	1
12929	1
12930	1
12931	1
12932	0
12933	1
12934	1
12935	1
12936	1
12937	1
12938	0
12939	1
12940	1
12941	0
12942	0
12943	1
12944	1
12945	1
12946	1
12947	1
12948	0
12949	1
12950	1
12951	0
12952	1
12953	0
12954	1
12955	1
12956	1
12957	1
12958	1
12959	0
12960	1
12961	0
12962	0
12963	1
12964	0
12965	1
12966	1
12967	1
12968	0
12969	1
12970	1
12971	0
12972	1
12973	0
12974	1
12975	1
12976	1
12977	0
12978	1
12979	1
12980	0
12981	0
12982	0
12983	0
12984	1
12985	0
12986	0
12987	1
12988	0
12989	0
12990	1
12991	1
12992	1
12993	0
12994	1
12995	0
12996	0
12997	1
12998	1
12999	1
13000	0
13001	1
13002	0
13003	0
13004	1
13005	0
13006	1
13007	1
13008	1
13009	0
13010	0
13011	1
13012	1
13013	1
13014	0
13015	0
13016	1
13017	0
13018	0
13019	0
13020	0
13021	1
13022	0
13023	0
13024	1
13025	0
13026	1
13027	1
13028	1
13029	0
13030	1
13031	1
13032	0
13033	0
13034	0
13035	1
13036	1
13037	1
13038	0
13039	1
13040	1
13041	0
13042	0
13043	0
13044	0
13045	0
13046	1
13047	1
13048	1
13049	1
13050	1
13051	1
13052	0
13053	1
13054	1
13055	1
13056	1
13057	0
13058	1
13059	1
13060	0
13061	0
13062	1
13063	1
13064	1
13065	0
13066	1
13067	1
13068	1
13069	1
13070	0
13071	0
13072	0
13073	1
13074	1
13075	0
13076	0
13077	1
13078	1
13079	1
13080	1
13081	1
13082	0
13083	0
13084	0
13085	1
13086	1
13087	1
13088	0
13089	0
13090	0
13091	0
13092	1
13093	1
13094	1
13095	1
13096	1
13097	1
13098	1
13099	0
13100	1
13101	1
13102	1
13103	1
13104	1
13105	1
13106	1
13107	1
13108	1
13109	1
13110	1
13111	1
13112	1
13113	1
13114	1
13115	0
13116	1
13117	0
13118	1
13119	1
13120	1
13121	1
13122	1
13123	1
13124	1
13125	1
13126	1
13127	1
13128	1
13129	0
13130	1
13131	0
13132	0
13133	1
13134	1
13135	0
13136	0
13137	0
13138	1
13139	0
13140	0
13141	0
13142	0
13143	0
13144	0
13145	0
13146	0
13147	1
13148	1
13149	1
13150	1
13151	1
13152	0
13153	0
13154	1
13155	1
13156	1
13157	1
13158	1
13159	1
13160	0
13161	1
13162	1
13163	1
13164	0
13165	1
13166	1
13167	0
13168	1
13169	0
13170	1
13171	0
13172	1
13173	1
13174	1
13175	1
13176	1
13177	1
13178	1
13179	1
13180	0
13181	1
13182	1
13183	1
13184	0
13185	1
13186	0
13187	0
13188	1
13189	1
13190	1
13191	0
13192	1
13193	1
13194	1
13195	1
13196	1
13197	1
13198	1
13199	1
13200	0
13201	1
13202	1
13203	0
13204	1
13205	0
13206	1
13207	1
13208	0
13209	0
13210	0
13211	0
13212	1
13213	0
13214	1
13215	0
13216	1
13217	1
13218	1
13219	1
13220	1
13221	1
13222	1
13223	1
13224	1
13225	1
13226	1
13227	1
13228	1
13229	1
13230	0
13231	1
13232	0
13233	1
13234	0
13235	0
13236	1
13237	0
13238	1
13239	0
13240	1
13241	0
13242	1
13243	0
13244	0
13245	1
13246	0
13247	1
13248	0
13249	1
13250	1
13251	0
13252	1
13253	1
13254	0
13255	0
13256	0
13257	1
13258	1
13259	1
13260	1
13261	0
13262	1
13263	0
13264	1
13265	1
13266	1
13267	1
13268	1
13269	1
13270	0
13271	1
13272	0
13273	0
13274	1
13275	0
13276	1
13277	1
13278	1
13279	0
13280	0
13281	0
13282	1
13283	0
13284	0
13285	0
13286	1
13287	1
13288	1
13289	0
13290	1
13291	0
13292	0
13293	1
13294	1
13295	0
13296	1
13297	0
13298	0
13299	1
13300	0
13301	1
13302	1
13303	1
13304	1
13305	1
13306	1
13307	0
13308	1
13309	1
13310	1
13311	0
13312	0
13313	0
13314	0
13315	1
13316	1
13317	1
13318	0
13319	0
13320	0
13321	0
13322	0
13323	0
13324	1
13325	1
13326	1
13327	0
13328	1
13329	1
13330	0
13331	0
13332	1
13333	1
13334	0
13335	0
13336	0
13337	0
13338	0
13339	0
13340	1
